,DS_Struct,DS_NonStruct_DriftSen,DS_NonStruct_AccelSen,RepairCost_Total,RepairCost_Struct,RepairCost_NonStruct_DriftSen,RepairCost_NonStruct_AccelSen,RepairTime,RecoveryTime,FunctionLossTime
0,Extensive,Moderate,Slight,1755906.45897056,931981.120530528,580799.828736416,243125.50970361597,120,480,480.0
1,Moderate,Moderate,None,769897.4473947838,189097.61865836795,580799.828736416,0.0,30,120,60.0
2,Slight,Slight,None,162083.673135744,40520.918283936,121562.754851808,0.0,5,10,0.0
3,Extensive,Complete,None,6672444.544088127,931981.120530528,5740463.423557599,0.0,120,480,480.0
4,Moderate,Slight,Slight,553785.883213792,189097.61865836795,121562.754851808,243125.50970361597,30,120,60.0
5,Moderate,Moderate,None,769897.4473947838,189097.61865836795,580799.828736416,0.0,30,120,60.0
6,Moderate,Moderate,Slight,1013022.9570983998,189097.61865836795,580799.828736416,243125.50970361597,30,120,60.0
7,None,None,None,0.0,0.0,0.0,0.0,0,0,0.0
8,Moderate,Moderate,None,769897.4473947838,189097.61865836795,580799.828736416,0.0,30,120,60.0
9,None,None,None,0.0,0.0,0.0,0.0,0,0,0.0
10,Complete,Complete,Complete,20260459.141968,1863962.241061056,5740463.423557599,12656033.477349345,240,960,960.0
11,Complete,Complete,None,7604425.664618655,1863962.241061056,5740463.423557599,0.0,240,960,960.0
12,Complete,Complete,Complete,20260459.141968,1863962.241061056,5740463.423557599,12656033.477349345,240,960,960.0
13,Slight,Slight,None,162083.673135744,40520.918283936,121562.754851808,0.0,5,10,0.0
14,Extensive,Extensive,Slight,4052091.8283936,931981.120530528,2876985.198159456,243125.50970361597,120,480,480.0
15,Extensive,Moderate,None,1512780.949266944,931981.120530528,580799.828736416,0.0,120,480,480.0
16,None,None,None,0.0,0.0,0.0,0.0,0,0,0.0
17,Extensive,Moderate,None,1512780.949266944,931981.120530528,580799.828736416,0.0,120,480,480.0
18,Extensive,Complete,Slight,6915570.053791743,931981.120530528,5740463.423557599,243125.50970361597,120,480,480.0
19,None,None,None,0.0,0.0,0.0,0.0,0,0,0.0
20,Moderate,Moderate,None,769897.4473947838,189097.61865836795,580799.828736416,0.0,30,120,60.0
21,Extensive,Extensive,Slight,4052091.8283936,931981.120530528,2876985.198159456,243125.50970361597,120,480,480.0
22,None,None,None,0.0,0.0,0.0,0.0,0,0,0.0
23,Moderate,Moderate,None,769897.4473947838,189097.61865836795,580799.828736416,0.0,30,120,60.0
24,Moderate,Extensive,None,3066082.816817824,189097.61865836795,2876985.198159456,0.0,30,120,60.0
25,Extensive,Moderate,Slight,1755906.45897056,931981.120530528,580799.828736416,243125.50970361597,120,480,480.0
26,Extensive,Extensive,Slight,4052091.8283936,931981.120530528,2876985.198159456,243125.50970361597,120,480,480.0
27,Extensive,Complete,Moderate,7928593.010890143,931981.120530528,5740463.423557599,1256148.466802016,120,480,480.0
28,Slight,Moderate,Moderate,1877469.2138223678,40520.918283936,580799.828736416,1256148.466802016,5,10,0.0
29,Extensive,Extensive,None,3808966.318689984,931981.120530528,2876985.198159456,0.0,120,480,480.0
30,Moderate,Moderate,None,769897.4473947838,189097.61865836795,580799.828736416,0.0,30,120,60.0
31,Moderate,Slight,None,310660.37351017597,189097.61865836795,121562.754851808,0.0,30,120,60.0
32,Complete,Complete,Complete,20260459.141968,1863962.241061056,5740463.423557599,12656033.477349345,240,960,960.0
33,Slight,None,None,40520.918283936,40520.918283936,0.0,0.0,5,10,0.0
34,Slight,Slight,None,162083.673135744,40520.918283936,121562.754851808,0.0,5,10,0.0
35,Extensive,Complete,Slight,6915570.053791743,931981.120530528,5740463.423557599,243125.50970361597,120,480,480.0
36,Extensive,Moderate,Moderate,2768929.41606896,931981.120530528,580799.828736416,1256148.466802016,120,480,480.0
37,Moderate,Moderate,None,769897.4473947838,189097.61865836795,580799.828736416,0.0,30,120,60.0
38,None,None,None,0.0,0.0,0.0,0.0,0,0,0.0
39,Extensive,Extensive,Moderate,5065114.785491999,931981.120530528,2876985.198159456,1256148.466802016,120,480,480.0
40,None,None,None,0.0,0.0,0.0,0.0,0,0,0.0
41,Moderate,Moderate,None,769897.4473947838,189097.61865836795,580799.828736416,0.0,30,120,60.0
42,None,None,None,0.0,0.0,0.0,0.0,0,0,0.0
43,None,None,None,0.0,0.0,0.0,0.0,0,0,0.0
44,Slight,Moderate,None,621320.7470203519,40520.918283936,580799.828736416,0.0,5,10,0.0
45,Slight,Moderate,Slight,864446.2567239678,40520.918283936,580799.828736416,243125.50970361597,5,10,0.0
46,Moderate,Moderate,Moderate,2026045.9141967997,189097.61865836795,580799.828736416,1256148.466802016,30,120,60.0
47,Extensive,Extensive,Moderate,5065114.785491999,931981.120530528,2876985.198159456,1256148.466802016,120,480,480.0
48,Extensive,Extensive,Moderate,5065114.785491999,931981.120530528,2876985.198159456,1256148.466802016,120,480,480.0
49,Complete,Complete,Moderate,8860574.131420672,1863962.241061056,5740463.423557599,1256148.466802016,240,960,960.0
50,None,None,None,0.0,0.0,0.0,0.0,0,0,0.0
51,Moderate,Moderate,None,769897.4473947838,189097.61865836795,580799.828736416,0.0,30,120,60.0
52,Extensive,Extensive,Slight,4052091.8283936,931981.120530528,2876985.198159456,243125.50970361597,120,480,480.0
53,Moderate,Moderate,Moderate,2026045.9141967997,189097.61865836795,580799.828736416,1256148.466802016,30,120,60.0
54,Extensive,Extensive,Slight,4052091.8283936,931981.120530528,2876985.198159456,243125.50970361597,120,480,480.0
55,Moderate,Moderate,Moderate,2026045.9141967997,189097.61865836795,580799.828736416,1256148.466802016,30,120,60.0
56,Moderate,Moderate,Slight,1013022.9570983998,189097.61865836795,580799.828736416,243125.50970361597,30,120,60.0
57,Moderate,Moderate,Slight,1013022.9570983998,189097.61865836795,580799.828736416,243125.50970361597,30,120,60.0
58,Moderate,Slight,None,310660.37351017597,189097.61865836795,121562.754851808,0.0,30,120,60.0
59,Moderate,Extensive,None,3066082.816817824,189097.61865836795,2876985.198159456,0.0,30,120,60.0
60,Moderate,Moderate,Slight,1013022.9570983998,189097.61865836795,580799.828736416,243125.50970361597,30,120,60.0
61,Slight,Slight,None,162083.673135744,40520.918283936,121562.754851808,0.0,5,10,0.0
62,Moderate,Moderate,None,769897.4473947838,189097.61865836795,580799.828736416,0.0,30,120,60.0
63,None,None,None,0.0,0.0,0.0,0.0,0,0,0.0
64,Extensive,Slight,Slight,1296669.385085952,931981.120530528,121562.754851808,243125.50970361597,120,480,480.0
65,Moderate,Moderate,Moderate,2026045.9141967997,189097.61865836795,580799.828736416,1256148.466802016,30,120,60.0
66,Slight,Moderate,None,621320.7470203519,40520.918283936,580799.828736416,0.0,5,10,0.0
67,Complete,Extensive,Slight,4984072.948924128,1863962.241061056,2876985.198159456,243125.50970361597,240,960,960.0
68,Complete,Complete,Complete,20260459.141968,1863962.241061056,5740463.423557599,12656033.477349345,240,960,960.0
69,Slight,Slight,Slight,405209.18283936,40520.918283936,121562.754851808,243125.50970361597,5,10,0.0
70,Slight,Slight,None,162083.673135744,40520.918283936,121562.754851808,0.0,5,10,0.0
71,Moderate,Extensive,None,3066082.816817824,189097.61865836795,2876985.198159456,0.0,30,120,60.0
72,Moderate,Moderate,Slight,1013022.9570983998,189097.61865836795,580799.828736416,243125.50970361597,30,120,60.0
73,Moderate,None,None,189097.61865836795,189097.61865836795,0.0,0.0,30,120,60.0
74,Complete,Complete,Complete,20260459.141968,1863962.241061056,5740463.423557599,12656033.477349345,240,960,960.0
75,Moderate,Moderate,Slight,1013022.9570983998,189097.61865836795,580799.828736416,243125.50970361597,30,120,60.0
76,Moderate,Moderate,None,769897.4473947838,189097.61865836795,580799.828736416,0.0,30,120,60.0
77,Moderate,Moderate,None,769897.4473947838,189097.61865836795,580799.828736416,0.0,30,120,60.0
78,Extensive,Moderate,Moderate,2768929.41606896,931981.120530528,580799.828736416,1256148.466802016,120,480,480.0
79,None,None,None,0.0,0.0,0.0,0.0,0,0,0.0
80,Slight,Slight,None,162083.673135744,40520.918283936,121562.754851808,0.0,5,10,0.0
81,Extensive,Moderate,None,1512780.949266944,931981.120530528,580799.828736416,0.0,120,480,480.0
82,None,None,None,0.0,0.0,0.0,0.0,0,0,0.0
83,Moderate,Moderate,Slight,1013022.9570983998,189097.61865836795,580799.828736416,243125.50970361597,30,120,60.0
84,Slight,Moderate,None,621320.7470203519,40520.918283936,580799.828736416,0.0,5,10,0.0
85,Extensive,Complete,Moderate,7928593.010890143,931981.120530528,5740463.423557599,1256148.466802016,120,480,480.0
86,Moderate,Extensive,Slight,3309208.32652144,189097.61865836795,2876985.198159456,243125.50970361597,30,120,60.0
87,Extensive,Moderate,None,1512780.949266944,931981.120530528,580799.828736416,0.0,120,480,480.0
88,Extensive,Extensive,Slight,4052091.8283936,931981.120530528,2876985.198159456,243125.50970361597,120,480,480.0
89,None,None,None,0.0,0.0,0.0,0.0,0,0,0.0
90,Slight,Slight,None,162083.673135744,40520.918283936,121562.754851808,0.0,5,10,0.0
91,Moderate,Moderate,None,769897.4473947838,189097.61865836795,580799.828736416,0.0,30,120,60.0
92,None,None,None,0.0,0.0,0.0,0.0,0,0,0.0
93,Moderate,Moderate,None,769897.4473947838,189097.61865836795,580799.828736416,0.0,30,120,60.0
94,Slight,Slight,None,162083.673135744,40520.918283936,121562.754851808,0.0,5,10,0.0
95,None,None,None,0.0,0.0,0.0,0.0,0,0,0.0
96,Complete,Extensive,Extensive,9887104.061280385,1863962.241061056,2876985.198159456,5146156.622059871,240,960,960.0
97,Moderate,Moderate,Slight,1013022.9570983998,189097.61865836795,580799.828736416,243125.50970361597,30,120,60.0
98,None,None,None,0.0,0.0,0.0,0.0,0,0,0.0
99,Moderate,Moderate,None,769897.4473947838,189097.61865836795,580799.828736416,0.0,30,120,60.0
100,Slight,Moderate,None,621320.7470203519,40520.918283936,580799.828736416,0.0,5,10,0.0
101,Extensive,Extensive,None,3808966.318689984,931981.120530528,2876985.198159456,0.0,120,480,480.0
102,None,None,None,0.0,0.0,0.0,0.0,0,0,0.0
103,Moderate,Moderate,Slight,1013022.9570983998,189097.61865836795,580799.828736416,243125.50970361597,30,120,60.0
104,Moderate,Moderate,None,769897.4473947838,189097.61865836795,580799.828736416,0.0,30,120,60.0
105,Complete,Complete,None,7604425.664618655,1863962.241061056,5740463.423557599,0.0,240,960,960.0
106,Slight,Slight,None,162083.673135744,40520.918283936,121562.754851808,0.0,5,10,0.0
107,None,Slight,None,121562.754851808,0.0,121562.754851808,0.0,0,0,0.0
108,None,None,None,0.0,0.0,0.0,0.0,0,0,0.0
109,Complete,Complete,Extensive,12750582.286678527,1863962.241061056,5740463.423557599,5146156.622059871,240,960,960.0
110,Moderate,Moderate,None,769897.4473947838,189097.61865836795,580799.828736416,0.0,30,120,60.0
111,Moderate,Moderate,None,769897.4473947838,189097.61865836795,580799.828736416,0.0,30,120,60.0
112,None,Moderate,None,580799.828736416,0.0,580799.828736416,0.0,0,0,0.0
113,Extensive,Moderate,Slight,1755906.45897056,931981.120530528,580799.828736416,243125.50970361597,120,480,480.0
114,Extensive,Moderate,None,1512780.949266944,931981.120530528,580799.828736416,0.0,120,480,480.0
115,Moderate,Moderate,None,769897.4473947838,189097.61865836795,580799.828736416,0.0,30,120,60.0
116,Slight,Slight,None,162083.673135744,40520.918283936,121562.754851808,0.0,5,10,0.0
117,Moderate,Slight,Slight,553785.883213792,189097.61865836795,121562.754851808,243125.50970361597,30,120,60.0
118,Extensive,Extensive,Moderate,5065114.785491999,931981.120530528,2876985.198159456,1256148.466802016,120,480,480.0
119,Moderate,Slight,None,310660.37351017597,189097.61865836795,121562.754851808,0.0,30,120,60.0
120,None,None,None,0.0,0.0,0.0,0.0,0,0,0.0
121,Moderate,Moderate,Slight,1013022.9570983998,189097.61865836795,580799.828736416,243125.50970361597,30,120,60.0
122,Moderate,Moderate,None,769897.4473947838,189097.61865836795,580799.828736416,0.0,30,120,60.0
123,Complete,Complete,Complete,20260459.141968,1863962.241061056,5740463.423557599,12656033.477349345,240,960,960.0
124,Moderate,Moderate,None,769897.4473947838,189097.61865836795,580799.828736416,0.0,30,120,60.0
125,Moderate,Extensive,Slight,3309208.32652144,189097.61865836795,2876985.198159456,243125.50970361597,30,120,60.0
126,Slight,Slight,None,162083.673135744,40520.918283936,121562.754851808,0.0,5,10,0.0
127,Slight,Moderate,Slight,864446.2567239678,40520.918283936,580799.828736416,243125.50970361597,5,10,0.0
128,Moderate,Moderate,None,769897.4473947838,189097.61865836795,580799.828736416,0.0,30,120,60.0
129,Moderate,Moderate,None,769897.4473947838,189097.61865836795,580799.828736416,0.0,30,120,60.0
130,Moderate,Moderate,None,769897.4473947838,189097.61865836795,580799.828736416,0.0,30,120,60.0
131,Moderate,Moderate,None,769897.4473947838,189097.61865836795,580799.828736416,0.0,30,120,60.0
132,Complete,Complete,Slight,7847551.174322271,1863962.241061056,5740463.423557599,243125.50970361597,240,960,960.0
133,Moderate,Extensive,Moderate,4322231.28361984,189097.61865836795,2876985.198159456,1256148.466802016,30,120,60.0
134,None,Moderate,None,580799.828736416,0.0,580799.828736416,0.0,0,0,0.0
135,Complete,Complete,None,7604425.664618655,1863962.241061056,5740463.423557599,0.0,240,960,960.0
136,Slight,Extensive,Moderate,4173654.583245408,40520.918283936,2876985.198159456,1256148.466802016,5,10,0.0
137,Slight,Moderate,None,621320.7470203519,40520.918283936,580799.828736416,0.0,5,10,0.0
138,Moderate,Moderate,Moderate,2026045.9141967997,189097.61865836795,580799.828736416,1256148.466802016,30,120,60.0
139,Slight,Slight,None,162083.673135744,40520.918283936,121562.754851808,0.0,5,10,0.0
140,None,None,None,0.0,0.0,0.0,0.0,0,0,0.0
141,Moderate,Moderate,None,769897.4473947838,189097.61865836795,580799.828736416,0.0,30,120,60.0
142,Slight,None,None,40520.918283936,40520.918283936,0.0,0.0,5,10,0.0
143,Moderate,Slight,Slight,553785.883213792,189097.61865836795,121562.754851808,243125.50970361597,30,120,60.0
144,Slight,Moderate,None,621320.7470203519,40520.918283936,580799.828736416,0.0,5,10,0.0
145,Moderate,Moderate,None,769897.4473947838,189097.61865836795,580799.828736416,0.0,30,120,60.0
146,Moderate,Slight,None,310660.37351017597,189097.61865836795,121562.754851808,0.0,30,120,60.0
147,Moderate,Moderate,Slight,1013022.9570983998,189097.61865836795,580799.828736416,243125.50970361597,30,120,60.0
148,Slight,Slight,Slight,405209.18283936,40520.918283936,121562.754851808,243125.50970361597,5,10,0.0
149,Extensive,Extensive,Slight,4052091.8283936,931981.120530528,2876985.198159456,243125.50970361597,120,480,480.0
150,Moderate,Slight,None,310660.37351017597,189097.61865836795,121562.754851808,0.0,30,120,60.0
151,Moderate,Moderate,Moderate,2026045.9141967997,189097.61865836795,580799.828736416,1256148.466802016,30,120,60.0
152,Moderate,Slight,None,310660.37351017597,189097.61865836795,121562.754851808,0.0,30,120,60.0
153,Slight,Slight,None,162083.673135744,40520.918283936,121562.754851808,0.0,5,10,0.0
154,Moderate,Moderate,Moderate,2026045.9141967997,189097.61865836795,580799.828736416,1256148.466802016,30,120,60.0
155,Slight,Slight,None,162083.673135744,40520.918283936,121562.754851808,0.0,5,10,0.0
156,None,None,None,0.0,0.0,0.0,0.0,0,0,0.0
157,Moderate,Moderate,None,769897.4473947838,189097.61865836795,580799.828736416,0.0,30,120,60.0
158,Slight,Moderate,None,621320.7470203519,40520.918283936,580799.828736416,0.0,5,10,0.0
159,Moderate,Moderate,None,769897.4473947838,189097.61865836795,580799.828736416,0.0,30,120,60.0
160,Extensive,Complete,Moderate,7928593.010890143,931981.120530528,5740463.423557599,1256148.466802016,120,480,480.0
161,Moderate,Moderate,Moderate,2026045.9141967997,189097.61865836795,580799.828736416,1256148.466802016,30,120,60.0
162,Moderate,Moderate,None,769897.4473947838,189097.61865836795,580799.828736416,0.0,30,120,60.0
163,Moderate,Extensive,None,3066082.816817824,189097.61865836795,2876985.198159456,0.0,30,120,60.0
164,Extensive,Moderate,Moderate,2768929.41606896,931981.120530528,580799.828736416,1256148.466802016,120,480,480.0
165,Complete,Complete,Slight,7847551.174322271,1863962.241061056,5740463.423557599,243125.50970361597,240,960,960.0
166,Moderate,Moderate,None,769897.4473947838,189097.61865836795,580799.828736416,0.0,30,120,60.0
167,Slight,Moderate,None,621320.7470203519,40520.918283936,580799.828736416,0.0,5,10,0.0
168,Extensive,Complete,Extensive,11818601.166148,931981.120530528,5740463.423557599,5146156.622059871,120,480,480.0
169,Extensive,Complete,Slight,6915570.053791743,931981.120530528,5740463.423557599,243125.50970361597,120,480,480.0
170,Slight,Slight,None,162083.673135744,40520.918283936,121562.754851808,0.0,5,10,0.0
171,Moderate,Extensive,Slight,3309208.32652144,189097.61865836795,2876985.198159456,243125.50970361597,30,120,60.0
172,Extensive,Moderate,None,1512780.949266944,931981.120530528,580799.828736416,0.0,120,480,480.0
173,Moderate,Moderate,None,769897.4473947838,189097.61865836795,580799.828736416,0.0,30,120,60.0
174,Moderate,Extensive,Slight,3309208.32652144,189097.61865836795,2876985.198159456,243125.50970361597,30,120,60.0
175,Extensive,Extensive,None,3808966.318689984,931981.120530528,2876985.198159456,0.0,120,480,480.0
176,Extensive,Complete,Slight,6915570.053791743,931981.120530528,5740463.423557599,243125.50970361597,120,480,480.0
177,Slight,Slight,None,162083.673135744,40520.918283936,121562.754851808,0.0,5,10,0.0
178,Extensive,Extensive,Slight,4052091.8283936,931981.120530528,2876985.198159456,243125.50970361597,120,480,480.0
179,Moderate,Moderate,Moderate,2026045.9141967997,189097.61865836795,580799.828736416,1256148.466802016,30,120,60.0
180,Moderate,Slight,Slight,553785.883213792,189097.61865836795,121562.754851808,243125.50970361597,30,120,60.0
181,Moderate,Moderate,None,769897.4473947838,189097.61865836795,580799.828736416,0.0,30,120,60.0
182,Moderate,Extensive,None,3066082.816817824,189097.61865836795,2876985.198159456,0.0,30,120,60.0
183,None,None,None,0.0,0.0,0.0,0.0,0,0,0.0
184,None,None,None,0.0,0.0,0.0,0.0,0,0,0.0
185,Slight,Moderate,None,621320.7470203519,40520.918283936,580799.828736416,0.0,5,10,0.0
186,Moderate,Moderate,Moderate,2026045.9141967997,189097.61865836795,580799.828736416,1256148.466802016,30,120,60.0
187,Moderate,Slight,None,310660.37351017597,189097.61865836795,121562.754851808,0.0,30,120,60.0
188,Moderate,Moderate,None,769897.4473947838,189097.61865836795,580799.828736416,0.0,30,120,60.0
189,Moderate,Moderate,Slight,1013022.9570983998,189097.61865836795,580799.828736416,243125.50970361597,30,120,60.0
190,Moderate,Moderate,Slight,1013022.9570983998,189097.61865836795,580799.828736416,243125.50970361597,30,120,60.0
191,Slight,Slight,None,162083.673135744,40520.918283936,121562.754851808,0.0,5,10,0.0
192,Moderate,Complete,None,5929561.042215967,189097.61865836795,5740463.423557599,0.0,30,120,60.0
193,Extensive,Moderate,None,1512780.949266944,931981.120530528,580799.828736416,0.0,120,480,480.0
194,Moderate,Complete,None,5929561.042215967,189097.61865836795,5740463.423557599,0.0,30,120,60.0
195,Moderate,Slight,Slight,553785.883213792,189097.61865836795,121562.754851808,243125.50970361597,30,120,60.0
196,None,Moderate,None,580799.828736416,0.0,580799.828736416,0.0,0,0,0.0
197,Moderate,Moderate,Slight,1013022.9570983998,189097.61865836795,580799.828736416,243125.50970361597,30,120,60.0
198,Moderate,Moderate,None,769897.4473947838,189097.61865836795,580799.828736416,0.0,30,120,60.0
199,Moderate,Moderate,None,769897.4473947838,189097.61865836795,580799.828736416,0.0,30,120,60.0
200,Extensive,Moderate,None,1512780.949266944,931981.120530528,580799.828736416,0.0,120,480,480.0
201,None,None,None,0.0,0.0,0.0,0.0,0,0,0.0
202,Slight,Slight,Moderate,1418232.1399377598,40520.918283936,121562.754851808,1256148.466802016,5,10,0.0
203,None,None,None,0.0,0.0,0.0,0.0,0,0,0.0
204,Complete,Complete,Complete,20260459.141968,1863962.241061056,5740463.423557599,12656033.477349345,240,960,960.0
205,Extensive,Extensive,Slight,4052091.8283936,931981.120530528,2876985.198159456,243125.50970361597,120,480,480.0
206,Moderate,Moderate,None,769897.4473947838,189097.61865836795,580799.828736416,0.0,30,120,60.0
207,None,None,None,0.0,0.0,0.0,0.0,0,0,0.0
208,None,None,None,0.0,0.0,0.0,0.0,0,0,0.0
209,Moderate,Extensive,None,3066082.816817824,189097.61865836795,2876985.198159456,0.0,30,120,60.0
210,Slight,None,None,40520.918283936,40520.918283936,0.0,0.0,5,10,0.0
211,Moderate,Moderate,Slight,1013022.9570983998,189097.61865836795,580799.828736416,243125.50970361597,30,120,60.0
212,Extensive,Complete,Slight,6915570.053791743,931981.120530528,5740463.423557599,243125.50970361597,120,480,480.0
213,Moderate,Moderate,None,769897.4473947838,189097.61865836795,580799.828736416,0.0,30,120,60.0
214,Complete,Extensive,Slight,4984072.948924128,1863962.241061056,2876985.198159456,243125.50970361597,240,960,960.0
215,Complete,Complete,Extensive,12750582.286678527,1863962.241061056,5740463.423557599,5146156.622059871,240,960,960.0
216,Moderate,Moderate,Slight,1013022.9570983998,189097.61865836795,580799.828736416,243125.50970361597,30,120,60.0
217,None,Slight,None,121562.754851808,0.0,121562.754851808,0.0,0,0,0.0
218,Slight,Moderate,None,621320.7470203519,40520.918283936,580799.828736416,0.0,5,10,0.0
219,Moderate,Extensive,None,3066082.816817824,189097.61865836795,2876985.198159456,0.0,30,120,60.0
220,Slight,Moderate,None,621320.7470203519,40520.918283936,580799.828736416,0.0,5,10,0.0
221,Moderate,Moderate,Slight,1013022.9570983998,189097.61865836795,580799.828736416,243125.50970361597,30,120,60.0
222,Moderate,Moderate,Moderate,2026045.9141967997,189097.61865836795,580799.828736416,1256148.466802016,30,120,60.0
223,None,None,None,0.0,0.0,0.0,0.0,0,0,0.0
224,None,None,None,0.0,0.0,0.0,0.0,0,0,0.0
225,Slight,Moderate,None,621320.7470203519,40520.918283936,580799.828736416,0.0,5,10,0.0
226,Complete,Complete,Moderate,8860574.131420672,1863962.241061056,5740463.423557599,1256148.466802016,240,960,960.0
227,Moderate,Moderate,Slight,1013022.9570983998,189097.61865836795,580799.828736416,243125.50970361597,30,120,60.0
228,Extensive,Extensive,Extensive,8955122.940749856,931981.120530528,2876985.198159456,5146156.622059871,120,480,480.0
229,Moderate,Moderate,None,769897.4473947838,189097.61865836795,580799.828736416,0.0,30,120,60.0
230,Extensive,Complete,Slight,6915570.053791743,931981.120530528,5740463.423557599,243125.50970361597,120,480,480.0
231,None,None,None,0.0,0.0,0.0,0.0,0,0,0.0
232,Moderate,Moderate,None,769897.4473947838,189097.61865836795,580799.828736416,0.0,30,120,60.0
233,None,None,None,0.0,0.0,0.0,0.0,0,0,0.0
234,Moderate,Moderate,Slight,1013022.9570983998,189097.61865836795,580799.828736416,243125.50970361597,30,120,60.0
235,Complete,Complete,Complete,20260459.141968,1863962.241061056,5740463.423557599,12656033.477349345,240,960,960.0
236,Moderate,Extensive,None,3066082.816817824,189097.61865836795,2876985.198159456,0.0,30,120,60.0
237,Moderate,Moderate,Slight,1013022.9570983998,189097.61865836795,580799.828736416,243125.50970361597,30,120,60.0
238,Moderate,Moderate,None,769897.4473947838,189097.61865836795,580799.828736416,0.0,30,120,60.0
239,Moderate,Moderate,None,769897.4473947838,189097.61865836795,580799.828736416,0.0,30,120,60.0
240,Moderate,Slight,None,310660.37351017597,189097.61865836795,121562.754851808,0.0,30,120,60.0
241,Moderate,Moderate,None,769897.4473947838,189097.61865836795,580799.828736416,0.0,30,120,60.0
242,Moderate,Slight,Moderate,1566808.8403121918,189097.61865836795,121562.754851808,1256148.466802016,30,120,60.0
243,Moderate,Moderate,None,769897.4473947838,189097.61865836795,580799.828736416,0.0,30,120,60.0
244,Extensive,Moderate,Moderate,2768929.41606896,931981.120530528,580799.828736416,1256148.466802016,120,480,480.0
245,Moderate,Moderate,Slight,1013022.9570983998,189097.61865836795,580799.828736416,243125.50970361597,30,120,60.0
246,None,None,None,0.0,0.0,0.0,0.0,0,0,0.0
247,None,None,None,0.0,0.0,0.0,0.0,0,0,0.0
248,Complete,Complete,Complete,20260459.141968,1863962.241061056,5740463.423557599,12656033.477349345,240,960,960.0
249,Extensive,Complete,None,6672444.544088127,931981.120530528,5740463.423557599,0.0,120,480,480.0
250,None,None,None,0.0,0.0,0.0,0.0,0,0,0.0
251,Slight,Extensive,None,2917506.116443392,40520.918283936,2876985.198159456,0.0,5,10,0.0
252,Slight,Moderate,None,621320.7470203519,40520.918283936,580799.828736416,0.0,5,10,0.0
253,Moderate,Moderate,Moderate,2026045.9141967997,189097.61865836795,580799.828736416,1256148.466802016,30,120,60.0
254,Moderate,Moderate,Moderate,2026045.9141967997,189097.61865836795,580799.828736416,1256148.466802016,30,120,60.0
255,Moderate,Complete,None,5929561.042215967,189097.61865836795,5740463.423557599,0.0,30,120,60.0
256,Slight,None,None,40520.918283936,40520.918283936,0.0,0.0,5,10,0.0
257,Moderate,Extensive,Slight,3309208.32652144,189097.61865836795,2876985.198159456,243125.50970361597,30,120,60.0
258,None,None,None,0.0,0.0,0.0,0.0,0,0,0.0
259,Complete,Moderate,Slight,2687887.5795010882,1863962.241061056,580799.828736416,243125.50970361597,240,960,960.0
260,Moderate,Slight,None,310660.37351017597,189097.61865836795,121562.754851808,0.0,30,120,60.0
261,None,None,None,0.0,0.0,0.0,0.0,0,0,0.0
262,Slight,Moderate,None,621320.7470203519,40520.918283936,580799.828736416,0.0,5,10,0.0
263,Extensive,Moderate,Slight,1755906.45897056,931981.120530528,580799.828736416,243125.50970361597,120,480,480.0
264,Moderate,Slight,None,310660.37351017597,189097.61865836795,121562.754851808,0.0,30,120,60.0
265,Moderate,None,Slight,432223.1283619839,189097.61865836795,0.0,243125.50970361597,30,120,60.0
266,Moderate,Moderate,None,769897.4473947838,189097.61865836795,580799.828736416,0.0,30,120,60.0
267,Slight,Moderate,None,621320.7470203519,40520.918283936,580799.828736416,0.0,5,10,0.0
268,None,None,None,0.0,0.0,0.0,0.0,0,0,0.0
269,Moderate,Moderate,None,769897.4473947838,189097.61865836795,580799.828736416,0.0,30,120,60.0
270,None,None,None,0.0,0.0,0.0,0.0,0,0,0.0
271,Complete,Complete,Complete,20260459.141968,1863962.241061056,5740463.423557599,12656033.477349345,240,960,960.0
272,None,None,None,0.0,0.0,0.0,0.0,0,0,0.0
273,Moderate,Moderate,Slight,1013022.9570983998,189097.61865836795,580799.828736416,243125.50970361597,30,120,60.0
274,Moderate,Extensive,None,3066082.816817824,189097.61865836795,2876985.198159456,0.0,30,120,60.0
275,Extensive,Extensive,None,3808966.318689984,931981.120530528,2876985.198159456,0.0,120,480,480.0
276,Moderate,Moderate,Slight,1013022.9570983998,189097.61865836795,580799.828736416,243125.50970361597,30,120,60.0
277,Moderate,Moderate,Slight,1013022.9570983998,189097.61865836795,580799.828736416,243125.50970361597,30,120,60.0
278,Extensive,Complete,Slight,6915570.053791743,931981.120530528,5740463.423557599,243125.50970361597,120,480,480.0
279,Moderate,Moderate,Moderate,2026045.9141967997,189097.61865836795,580799.828736416,1256148.466802016,30,120,60.0
280,Moderate,Slight,Slight,553785.883213792,189097.61865836795,121562.754851808,243125.50970361597,30,120,60.0
281,Slight,Moderate,None,621320.7470203519,40520.918283936,580799.828736416,0.0,5,10,0.0
282,Moderate,Slight,Slight,553785.883213792,189097.61865836795,121562.754851808,243125.50970361597,30,120,60.0
283,Extensive,Complete,None,6672444.544088127,931981.120530528,5740463.423557599,0.0,120,480,480.0
284,Moderate,Extensive,Moderate,4322231.28361984,189097.61865836795,2876985.198159456,1256148.466802016,30,120,60.0
285,Extensive,Complete,Moderate,7928593.010890143,931981.120530528,5740463.423557599,1256148.466802016,120,480,480.0
286,Extensive,Extensive,None,3808966.318689984,931981.120530528,2876985.198159456,0.0,120,480,480.0
287,Moderate,Extensive,None,3066082.816817824,189097.61865836795,2876985.198159456,0.0,30,120,60.0
288,None,None,None,0.0,0.0,0.0,0.0,0,0,0.0
289,Extensive,Extensive,Slight,4052091.8283936,931981.120530528,2876985.198159456,243125.50970361597,120,480,480.0
290,Extensive,Complete,Slight,6915570.053791743,931981.120530528,5740463.423557599,243125.50970361597,120,480,480.0
291,Slight,Moderate,Slight,864446.2567239678,40520.918283936,580799.828736416,243125.50970361597,5,10,0.0
292,Slight,Slight,None,162083.673135744,40520.918283936,121562.754851808,0.0,5,10,0.0
293,Extensive,Extensive,Extensive,8955122.940749856,931981.120530528,2876985.198159456,5146156.622059871,120,480,480.0
294,Slight,Moderate,Slight,864446.2567239678,40520.918283936,580799.828736416,243125.50970361597,5,10,0.0
295,None,None,None,0.0,0.0,0.0,0.0,0,0,0.0
296,Slight,Moderate,Moderate,1877469.2138223678,40520.918283936,580799.828736416,1256148.466802016,5,10,0.0
297,Complete,Complete,Slight,7847551.174322271,1863962.241061056,5740463.423557599,243125.50970361597,240,960,960.0
298,Extensive,Extensive,Moderate,5065114.785491999,931981.120530528,2876985.198159456,1256148.466802016,120,480,480.0
299,Slight,Moderate,Slight,864446.2567239678,40520.918283936,580799.828736416,243125.50970361597,5,10,0.0
300,Extensive,Extensive,Slight,4052091.8283936,931981.120530528,2876985.198159456,243125.50970361597,120,480,480.0
301,Slight,Slight,None,162083.673135744,40520.918283936,121562.754851808,0.0,5,10,0.0
302,Slight,Slight,Moderate,1418232.1399377598,40520.918283936,121562.754851808,1256148.466802016,5,10,0.0
303,Slight,Slight,None,162083.673135744,40520.918283936,121562.754851808,0.0,5,10,0.0
304,Slight,Slight,None,162083.673135744,40520.918283936,121562.754851808,0.0,5,10,0.0
305,None,Slight,None,121562.754851808,0.0,121562.754851808,0.0,0,0,0.0
306,Moderate,Moderate,None,769897.4473947838,189097.61865836795,580799.828736416,0.0,30,120,60.0
307,Complete,Complete,Complete,20260459.141968,1863962.241061056,5740463.423557599,12656033.477349345,240,960,960.0
308,None,None,None,0.0,0.0,0.0,0.0,0,0,0.0
309,Slight,Slight,None,162083.673135744,40520.918283936,121562.754851808,0.0,5,10,0.0
310,Moderate,Slight,None,310660.37351017597,189097.61865836795,121562.754851808,0.0,30,120,60.0
311,Moderate,Moderate,None,769897.4473947838,189097.61865836795,580799.828736416,0.0,30,120,60.0
312,Moderate,Slight,None,310660.37351017597,189097.61865836795,121562.754851808,0.0,30,120,60.0
313,Slight,Slight,Slight,405209.18283936,40520.918283936,121562.754851808,243125.50970361597,5,10,0.0
314,Extensive,Moderate,Slight,1755906.45897056,931981.120530528,580799.828736416,243125.50970361597,120,480,480.0
315,Moderate,Moderate,Slight,1013022.9570983998,189097.61865836795,580799.828736416,243125.50970361597,30,120,60.0
316,Slight,Slight,None,162083.673135744,40520.918283936,121562.754851808,0.0,5,10,0.0
317,Moderate,Moderate,None,769897.4473947838,189097.61865836795,580799.828736416,0.0,30,120,60.0
318,Moderate,Moderate,Slight,1013022.9570983998,189097.61865836795,580799.828736416,243125.50970361597,30,120,60.0
319,Extensive,Extensive,None,3808966.318689984,931981.120530528,2876985.198159456,0.0,120,480,480.0
320,Extensive,Moderate,None,1512780.949266944,931981.120530528,580799.828736416,0.0,120,480,480.0
321,Moderate,Moderate,None,769897.4473947838,189097.61865836795,580799.828736416,0.0,30,120,60.0
322,None,Slight,None,121562.754851808,0.0,121562.754851808,0.0,0,0,0.0
323,Moderate,Moderate,Slight,1013022.9570983998,189097.61865836795,580799.828736416,243125.50970361597,30,120,60.0
324,Slight,Slight,None,162083.673135744,40520.918283936,121562.754851808,0.0,5,10,0.0
325,Extensive,Extensive,None,3808966.318689984,931981.120530528,2876985.198159456,0.0,120,480,480.0
326,Extensive,Complete,Slight,6915570.053791743,931981.120530528,5740463.423557599,243125.50970361597,120,480,480.0
327,Moderate,Moderate,Moderate,2026045.9141967997,189097.61865836795,580799.828736416,1256148.466802016,30,120,60.0
328,Complete,Complete,Complete,20260459.141968,1863962.241061056,5740463.423557599,12656033.477349345,240,960,960.0
329,Moderate,Slight,None,310660.37351017597,189097.61865836795,121562.754851808,0.0,30,120,60.0
330,Slight,Slight,None,162083.673135744,40520.918283936,121562.754851808,0.0,5,10,0.0
331,Complete,Complete,Slight,7847551.174322271,1863962.241061056,5740463.423557599,243125.50970361597,240,960,960.0
332,Extensive,Moderate,None,1512780.949266944,931981.120530528,580799.828736416,0.0,120,480,480.0
333,Moderate,Moderate,None,769897.4473947838,189097.61865836795,580799.828736416,0.0,30,120,60.0
334,Slight,Moderate,None,621320.7470203519,40520.918283936,580799.828736416,0.0,5,10,0.0
335,Slight,Moderate,None,621320.7470203519,40520.918283936,580799.828736416,0.0,5,10,0.0
336,Moderate,Moderate,Slight,1013022.9570983998,189097.61865836795,580799.828736416,243125.50970361597,30,120,60.0
337,Moderate,Extensive,Slight,3309208.32652144,189097.61865836795,2876985.198159456,243125.50970361597,30,120,60.0
338,Moderate,Moderate,Slight,1013022.9570983998,189097.61865836795,580799.828736416,243125.50970361597,30,120,60.0
339,Moderate,Moderate,None,769897.4473947838,189097.61865836795,580799.828736416,0.0,30,120,60.0
340,None,None,None,0.0,0.0,0.0,0.0,0,0,0.0
341,Moderate,Moderate,None,769897.4473947838,189097.61865836795,580799.828736416,0.0,30,120,60.0
342,Moderate,Moderate,None,769897.4473947838,189097.61865836795,580799.828736416,0.0,30,120,60.0
343,Complete,Complete,Complete,20260459.141968,1863962.241061056,5740463.423557599,12656033.477349345,240,960,960.0
344,Moderate,Moderate,None,769897.4473947838,189097.61865836795,580799.828736416,0.0,30,120,60.0
345,None,None,None,0.0,0.0,0.0,0.0,0,0,0.0
346,Complete,Extensive,Moderate,5997095.906022528,1863962.241061056,2876985.198159456,1256148.466802016,240,960,960.0
347,None,None,None,0.0,0.0,0.0,0.0,0,0,0.0
348,Moderate,Slight,None,310660.37351017597,189097.61865836795,121562.754851808,0.0,30,120,60.0
349,Moderate,Moderate,None,769897.4473947838,189097.61865836795,580799.828736416,0.0,30,120,60.0
350,None,None,None,0.0,0.0,0.0,0.0,0,0,0.0
351,Slight,None,None,40520.918283936,40520.918283936,0.0,0.0,5,10,0.0
352,Moderate,Moderate,Slight,1013022.9570983998,189097.61865836795,580799.828736416,243125.50970361597,30,120,60.0
353,Slight,Moderate,Moderate,1877469.2138223678,40520.918283936,580799.828736416,1256148.466802016,5,10,0.0
354,Moderate,Moderate,Slight,1013022.9570983998,189097.61865836795,580799.828736416,243125.50970361597,30,120,60.0
355,Moderate,Moderate,None,769897.4473947838,189097.61865836795,580799.828736416,0.0,30,120,60.0
356,None,None,None,0.0,0.0,0.0,0.0,0,0,0.0
357,Extensive,Extensive,Slight,4052091.8283936,931981.120530528,2876985.198159456,243125.50970361597,120,480,480.0
358,Slight,Slight,None,162083.673135744,40520.918283936,121562.754851808,0.0,5,10,0.0
359,Extensive,Extensive,None,3808966.318689984,931981.120530528,2876985.198159456,0.0,120,480,480.0
360,Moderate,Moderate,None,769897.4473947838,189097.61865836795,580799.828736416,0.0,30,120,60.0
361,Moderate,Moderate,None,769897.4473947838,189097.61865836795,580799.828736416,0.0,30,120,60.0
362,Moderate,Slight,None,310660.37351017597,189097.61865836795,121562.754851808,0.0,30,120,60.0
363,Slight,None,None,40520.918283936,40520.918283936,0.0,0.0,5,10,0.0
364,Moderate,Moderate,None,769897.4473947838,189097.61865836795,580799.828736416,0.0,30,120,60.0
365,Extensive,Moderate,Slight,1755906.45897056,931981.120530528,580799.828736416,243125.50970361597,120,480,480.0
366,Complete,Complete,Complete,20260459.141968,1863962.241061056,5740463.423557599,12656033.477349345,240,960,960.0
367,Extensive,Moderate,Moderate,2768929.41606896,931981.120530528,580799.828736416,1256148.466802016,120,480,480.0
368,Complete,Complete,Complete,20260459.141968,1863962.241061056,5740463.423557599,12656033.477349345,240,960,960.0
369,Moderate,Moderate,None,769897.4473947838,189097.61865836795,580799.828736416,0.0,30,120,60.0
370,Moderate,Slight,None,310660.37351017597,189097.61865836795,121562.754851808,0.0,30,120,60.0
371,Extensive,Extensive,Extensive,8955122.940749856,931981.120530528,2876985.198159456,5146156.622059871,120,480,480.0
372,Slight,Moderate,None,621320.7470203519,40520.918283936,580799.828736416,0.0,5,10,0.0
373,Moderate,Extensive,Slight,3309208.32652144,189097.61865836795,2876985.198159456,243125.50970361597,30,120,60.0
374,Extensive,Moderate,Moderate,2768929.41606896,931981.120530528,580799.828736416,1256148.466802016,120,480,480.0
375,Moderate,Moderate,None,769897.4473947838,189097.61865836795,580799.828736416,0.0,30,120,60.0
376,Moderate,Moderate,Slight,1013022.9570983998,189097.61865836795,580799.828736416,243125.50970361597,30,120,60.0
377,Moderate,Moderate,None,769897.4473947838,189097.61865836795,580799.828736416,0.0,30,120,60.0
378,Moderate,Extensive,Extensive,8212239.438877695,189097.61865836795,2876985.198159456,5146156.622059871,30,120,60.0
379,Extensive,Moderate,Slight,1755906.45897056,931981.120530528,580799.828736416,243125.50970361597,120,480,480.0
380,Complete,Complete,Complete,20260459.141968,1863962.241061056,5740463.423557599,12656033.477349345,240,960,960.0
381,Moderate,Slight,None,310660.37351017597,189097.61865836795,121562.754851808,0.0,30,120,60.0
382,Moderate,Moderate,Slight,1013022.9570983998,189097.61865836795,580799.828736416,243125.50970361597,30,120,60.0
383,None,None,None,0.0,0.0,0.0,0.0,0,0,0.0
384,Moderate,Moderate,Slight,1013022.9570983998,189097.61865836795,580799.828736416,243125.50970361597,30,120,60.0
385,Extensive,Moderate,Moderate,2768929.41606896,931981.120530528,580799.828736416,1256148.466802016,120,480,480.0
386,Complete,Complete,Complete,20260459.141968,1863962.241061056,5740463.423557599,12656033.477349345,240,960,960.0
387,Moderate,Slight,Slight,553785.883213792,189097.61865836795,121562.754851808,243125.50970361597,30,120,60.0
388,Moderate,Moderate,Slight,1013022.9570983998,189097.61865836795,580799.828736416,243125.50970361597,30,120,60.0
389,Extensive,Extensive,Slight,4052091.8283936,931981.120530528,2876985.198159456,243125.50970361597,120,480,480.0
390,Extensive,Extensive,None,3808966.318689984,931981.120530528,2876985.198159456,0.0,120,480,480.0
391,None,None,None,0.0,0.0,0.0,0.0,0,0,0.0
392,Moderate,Slight,None,310660.37351017597,189097.61865836795,121562.754851808,0.0,30,120,60.0
393,Moderate,Slight,None,310660.37351017597,189097.61865836795,121562.754851808,0.0,30,120,60.0
394,None,None,None,0.0,0.0,0.0,0.0,0,0,0.0
395,Complete,Complete,Complete,20260459.141968,1863962.241061056,5740463.423557599,12656033.477349345,240,960,960.0
396,Moderate,Moderate,None,769897.4473947838,189097.61865836795,580799.828736416,0.0,30,120,60.0
397,Moderate,Complete,None,5929561.042215967,189097.61865836795,5740463.423557599,0.0,30,120,60.0
398,Moderate,Moderate,None,769897.4473947838,189097.61865836795,580799.828736416,0.0,30,120,60.0
399,Slight,Moderate,None,621320.7470203519,40520.918283936,580799.828736416,0.0,5,10,0.0
400,Extensive,Complete,Slight,6915570.053791743,931981.120530528,5740463.423557599,243125.50970361597,120,480,480.0
401,Moderate,Moderate,None,769897.4473947838,189097.61865836795,580799.828736416,0.0,30,120,60.0
402,Moderate,Complete,Extensive,11075717.664275838,189097.61865836795,5740463.423557599,5146156.622059871,30,120,60.0
403,Complete,Complete,Complete,20260459.141968,1863962.241061056,5740463.423557599,12656033.477349345,240,960,960.0
404,Moderate,Slight,None,310660.37351017597,189097.61865836795,121562.754851808,0.0,30,120,60.0
405,None,None,None,0.0,0.0,0.0,0.0,0,0,0.0
406,Moderate,Slight,None,310660.37351017597,189097.61865836795,121562.754851808,0.0,30,120,60.0
407,Slight,Slight,None,162083.673135744,40520.918283936,121562.754851808,0.0,5,10,0.0
408,Slight,Slight,Slight,405209.18283936,40520.918283936,121562.754851808,243125.50970361597,5,10,0.0
409,Moderate,Moderate,Slight,1013022.9570983998,189097.61865836795,580799.828736416,243125.50970361597,30,120,60.0
410,Extensive,Moderate,Slight,1755906.45897056,931981.120530528,580799.828736416,243125.50970361597,120,480,480.0
411,None,None,None,0.0,0.0,0.0,0.0,0,0,0.0
412,Moderate,Moderate,None,769897.4473947838,189097.61865836795,580799.828736416,0.0,30,120,60.0
413,Slight,Moderate,None,621320.7470203519,40520.918283936,580799.828736416,0.0,5,10,0.0
414,Moderate,Slight,None,310660.37351017597,189097.61865836795,121562.754851808,0.0,30,120,60.0
415,Moderate,Moderate,None,769897.4473947838,189097.61865836795,580799.828736416,0.0,30,120,60.0
416,Moderate,Moderate,None,769897.4473947838,189097.61865836795,580799.828736416,0.0,30,120,60.0
417,Extensive,Complete,Extensive,11818601.166148,931981.120530528,5740463.423557599,5146156.622059871,120,480,480.0
418,Slight,None,Slight,283646.42798755196,40520.918283936,0.0,243125.50970361597,5,10,0.0
419,None,None,None,0.0,0.0,0.0,0.0,0,0,0.0
420,Extensive,Extensive,None,3808966.318689984,931981.120530528,2876985.198159456,0.0,120,480,480.0
421,Moderate,Moderate,Slight,1013022.9570983998,189097.61865836795,580799.828736416,243125.50970361597,30,120,60.0
422,Moderate,Moderate,None,769897.4473947838,189097.61865836795,580799.828736416,0.0,30,120,60.0
423,Complete,Complete,Complete,20260459.141968,1863962.241061056,5740463.423557599,12656033.477349345,240,960,960.0
424,Slight,Moderate,None,621320.7470203519,40520.918283936,580799.828736416,0.0,5,10,0.0
425,Extensive,Moderate,Slight,1755906.45897056,931981.120530528,580799.828736416,243125.50970361597,120,480,480.0
426,Complete,Complete,Complete,20260459.141968,1863962.241061056,5740463.423557599,12656033.477349345,240,960,960.0
427,Moderate,Moderate,Slight,1013022.9570983998,189097.61865836795,580799.828736416,243125.50970361597,30,120,60.0
428,Moderate,Slight,None,310660.37351017597,189097.61865836795,121562.754851808,0.0,30,120,60.0
429,Moderate,Complete,None,5929561.042215967,189097.61865836795,5740463.423557599,0.0,30,120,60.0
430,Moderate,Moderate,Slight,1013022.9570983998,189097.61865836795,580799.828736416,243125.50970361597,30,120,60.0
431,Moderate,Slight,None,310660.37351017597,189097.61865836795,121562.754851808,0.0,30,120,60.0
432,None,None,None,0.0,0.0,0.0,0.0,0,0,0.0
433,Slight,Moderate,None,621320.7470203519,40520.918283936,580799.828736416,0.0,5,10,0.0
434,Moderate,Moderate,None,769897.4473947838,189097.61865836795,580799.828736416,0.0,30,120,60.0
435,Moderate,Moderate,None,769897.4473947838,189097.61865836795,580799.828736416,0.0,30,120,60.0
436,None,None,None,0.0,0.0,0.0,0.0,0,0,0.0
437,Extensive,Extensive,None,3808966.318689984,931981.120530528,2876985.198159456,0.0,120,480,480.0
438,Extensive,Moderate,Slight,1755906.45897056,931981.120530528,580799.828736416,243125.50970361597,120,480,480.0
439,Extensive,Extensive,Moderate,5065114.785491999,931981.120530528,2876985.198159456,1256148.466802016,120,480,480.0
440,Extensive,Moderate,Moderate,2768929.41606896,931981.120530528,580799.828736416,1256148.466802016,120,480,480.0
441,Extensive,Complete,Slight,6915570.053791743,931981.120530528,5740463.423557599,243125.50970361597,120,480,480.0
442,Moderate,Moderate,Slight,1013022.9570983998,189097.61865836795,580799.828736416,243125.50970361597,30,120,60.0
443,None,None,None,0.0,0.0,0.0,0.0,0,0,0.0
444,Moderate,Moderate,None,769897.4473947838,189097.61865836795,580799.828736416,0.0,30,120,60.0
445,Extensive,Extensive,Extensive,8955122.940749856,931981.120530528,2876985.198159456,5146156.622059871,120,480,480.0
446,Moderate,Moderate,None,769897.4473947838,189097.61865836795,580799.828736416,0.0,30,120,60.0
447,Extensive,Extensive,Slight,4052091.8283936,931981.120530528,2876985.198159456,243125.50970361597,120,480,480.0
448,Moderate,Moderate,None,769897.4473947838,189097.61865836795,580799.828736416,0.0,30,120,60.0
449,Complete,Extensive,None,4740947.439220512,1863962.241061056,2876985.198159456,0.0,240,960,960.0
450,None,Slight,None,121562.754851808,0.0,121562.754851808,0.0,0,0,0.0
451,Moderate,Moderate,None,769897.4473947838,189097.61865836795,580799.828736416,0.0,30,120,60.0
452,Extensive,Moderate,Moderate,2768929.41606896,931981.120530528,580799.828736416,1256148.466802016,120,480,480.0
453,Moderate,Moderate,None,769897.4473947838,189097.61865836795,580799.828736416,0.0,30,120,60.0
454,Extensive,Moderate,Slight,1755906.45897056,931981.120530528,580799.828736416,243125.50970361597,120,480,480.0
455,Slight,None,None,40520.918283936,40520.918283936,0.0,0.0,5,10,0.0
456,Extensive,Moderate,Slight,1755906.45897056,931981.120530528,580799.828736416,243125.50970361597,120,480,480.0
457,Moderate,Slight,None,310660.37351017597,189097.61865836795,121562.754851808,0.0,30,120,60.0
458,Complete,Complete,Complete,20260459.141968,1863962.241061056,5740463.423557599,12656033.477349345,240,960,960.0
459,Slight,Moderate,None,621320.7470203519,40520.918283936,580799.828736416,0.0,5,10,0.0
460,Slight,Slight,Slight,405209.18283936,40520.918283936,121562.754851808,243125.50970361597,5,10,0.0
461,Moderate,Moderate,Slight,1013022.9570983998,189097.61865836795,580799.828736416,243125.50970361597,30,120,60.0
462,Moderate,Slight,None,310660.37351017597,189097.61865836795,121562.754851808,0.0,30,120,60.0
463,None,None,None,0.0,0.0,0.0,0.0,0,0,0.0
464,Moderate,Moderate,None,769897.4473947838,189097.61865836795,580799.828736416,0.0,30,120,60.0
465,Slight,Slight,None,162083.673135744,40520.918283936,121562.754851808,0.0,5,10,0.0
466,Moderate,Slight,None,310660.37351017597,189097.61865836795,121562.754851808,0.0,30,120,60.0
467,Moderate,Moderate,None,769897.4473947838,189097.61865836795,580799.828736416,0.0,30,120,60.0
468,Moderate,Extensive,Moderate,4322231.28361984,189097.61865836795,2876985.198159456,1256148.466802016,30,120,60.0
469,Moderate,Moderate,None,769897.4473947838,189097.61865836795,580799.828736416,0.0,30,120,60.0
470,None,None,None,0.0,0.0,0.0,0.0,0,0,0.0
471,Moderate,Slight,None,310660.37351017597,189097.61865836795,121562.754851808,0.0,30,120,60.0
472,Slight,None,None,40520.918283936,40520.918283936,0.0,0.0,5,10,0.0
473,Complete,Complete,Complete,20260459.141968,1863962.241061056,5740463.423557599,12656033.477349345,240,960,960.0
474,Moderate,Moderate,Moderate,2026045.9141967997,189097.61865836795,580799.828736416,1256148.466802016,30,120,60.0
475,Moderate,Moderate,Moderate,2026045.9141967997,189097.61865836795,580799.828736416,1256148.466802016,30,120,60.0
476,Slight,Slight,Slight,405209.18283936,40520.918283936,121562.754851808,243125.50970361597,5,10,0.0
477,Extensive,Extensive,Slight,4052091.8283936,931981.120530528,2876985.198159456,243125.50970361597,120,480,480.0
478,Slight,Slight,None,162083.673135744,40520.918283936,121562.754851808,0.0,5,10,0.0
479,None,None,None,0.0,0.0,0.0,0.0,0,0,0.0
480,Moderate,Moderate,None,769897.4473947838,189097.61865836795,580799.828736416,0.0,30,120,60.0
481,Slight,Moderate,Slight,864446.2567239678,40520.918283936,580799.828736416,243125.50970361597,5,10,0.0
482,Extensive,Moderate,None,1512780.949266944,931981.120530528,580799.828736416,0.0,120,480,480.0
483,Slight,Slight,Slight,405209.18283936,40520.918283936,121562.754851808,243125.50970361597,5,10,0.0
484,Complete,Complete,Complete,20260459.141968,1863962.241061056,5740463.423557599,12656033.477349345,240,960,960.0
485,Moderate,Moderate,None,769897.4473947838,189097.61865836795,580799.828736416,0.0,30,120,60.0
486,Moderate,Moderate,None,769897.4473947838,189097.61865836795,580799.828736416,0.0,30,120,60.0
487,Complete,Complete,Slight,7847551.174322271,1863962.241061056,5740463.423557599,243125.50970361597,240,960,960.0
488,Moderate,Extensive,None,3066082.816817824,189097.61865836795,2876985.198159456,0.0,30,120,60.0
489,None,None,None,0.0,0.0,0.0,0.0,0,0,0.0
490,Moderate,Extensive,Slight,3309208.32652144,189097.61865836795,2876985.198159456,243125.50970361597,30,120,60.0
491,Moderate,Moderate,None,769897.4473947838,189097.61865836795,580799.828736416,0.0,30,120,60.0
492,Slight,Slight,None,162083.673135744,40520.918283936,121562.754851808,0.0,5,10,0.0
493,Extensive,Extensive,Slight,4052091.8283936,931981.120530528,2876985.198159456,243125.50970361597,120,480,480.0
494,Complete,Complete,Complete,20260459.141968,1863962.241061056,5740463.423557599,12656033.477349345,240,960,960.0
495,None,None,None,0.0,0.0,0.0,0.0,0,0,0.0
496,Moderate,Moderate,None,769897.4473947838,189097.61865836795,580799.828736416,0.0,30,120,60.0
497,Moderate,Complete,Slight,6172686.551919582,189097.61865836795,5740463.423557599,243125.50970361597,30,120,60.0
498,Moderate,Moderate,None,769897.4473947838,189097.61865836795,580799.828736416,0.0,30,120,60.0
499,Extensive,Extensive,Slight,4052091.8283936,931981.120530528,2876985.198159456,243125.50970361597,120,480,480.0
