,DS_Struct,DS_NonStruct_DriftSen,DS_NonStruct_AccelSen,RepairCost_Total,RepairCost_Struct,RepairCost_NonStruct_DriftSen,RepairCost_NonStruct_AccelSen,RepairTime,RecoveryTime,FunctionLossTime
0,Moderate,Moderate,Extensive,2117557.3218288,67684.48060639999,207888.04757679996,1841984.7936455999,30,120,60.0
1,Moderate,Moderate,Moderate,725190.8636399999,67684.48060639999,207888.04757679996,449618.33545679995,30,120,60.0
2,Moderate,Slight,None,111195.93242479998,67684.48060639999,43511.4518184,0.0,30,120,60.0
3,Moderate,Moderate,None,275572.52818319993,67684.48060639999,207888.04757679996,0.0,30,120,60.0
4,Moderate,Slight,None,111195.93242479998,67684.48060639999,43511.4518184,0.0,30,120,60.0
5,Extensive,Extensive,Slight,1450381.7272799998,333587.79727439996,1029771.0263687999,87022.90363679998,120,480,480.0
6,Moderate,Extensive,Moderate,1547073.8424319997,67684.48060639999,1029771.0263687999,449618.33545679995,30,120,60.0
7,Extensive,Moderate,Moderate,991094.1803079998,333587.79727439996,207888.04757679996,449618.33545679995,120,480,480.0
8,Moderate,Moderate,Slight,362595.43181999994,67684.48060639999,207888.04757679996,87022.90363679998,30,120,60.0
9,None,None,None,0.0,0.0,0.0,0.0,0,0,0.0
10,Complete,Moderate,Moderate,1324681.9775823997,667175.5945487999,207888.04757679996,449618.33545679995,240,960,960.0
11,Moderate,Extensive,Moderate,1547073.8424319997,67684.48060639999,1029771.0263687999,449618.33545679995,30,120,60.0
12,Moderate,Moderate,Moderate,725190.8636399999,67684.48060639999,207888.04757679996,449618.33545679995,30,120,60.0
13,Slight,Slight,None,58015.269091199996,14503.817272799997,43511.4518184,0.0,5,10,0.0
14,Moderate,Moderate,Slight,362595.43181999994,67684.48060639999,207888.04757679996,87022.90363679998,30,120,60.0
15,None,None,None,0.0,0.0,0.0,0.0,0,0,0.0
16,Moderate,Moderate,Slight,362595.43181999994,67684.48060639999,207888.04757679996,87022.90363679998,30,120,60.0
17,Moderate,Moderate,None,275572.52818319993,67684.48060639999,207888.04757679996,0.0,30,120,60.0
18,Complete,Complete,Complete,7251908.636399999,667175.5945487999,2054707.4469799995,4530025.5948712,240,960,960.0
19,Moderate,Moderate,None,275572.52818319993,67684.48060639999,207888.04757679996,0.0,30,120,60.0
20,Moderate,Moderate,None,275572.52818319993,67684.48060639999,207888.04757679996,0.0,30,120,60.0
21,Extensive,Moderate,Moderate,991094.1803079998,333587.79727439996,207888.04757679996,449618.33545679995,120,480,480.0
22,None,None,None,0.0,0.0,0.0,0.0,0,0,0.0
23,Slight,Moderate,None,222391.86484959995,14503.817272799997,207888.04757679996,0.0,5,10,0.0
24,Moderate,Moderate,None,275572.52818319993,67684.48060639999,207888.04757679996,0.0,30,120,60.0
25,None,None,None,0.0,0.0,0.0,0.0,0,0,0.0
26,Slight,Slight,None,58015.269091199996,14503.817272799997,43511.4518184,0.0,5,10,0.0
27,Complete,Complete,Slight,2808905.9451655997,667175.5945487999,2054707.4469799995,87022.90363679998,240,960,960.0
28,Extensive,Extensive,Extensive,3205343.6172888,333587.79727439996,1029771.0263687999,1841984.7936455999,120,480,480.0
29,Slight,Slight,Slight,145038.17272799998,14503.817272799997,43511.4518184,87022.90363679998,5,10,0.0
30,Moderate,Slight,None,111195.93242479998,67684.48060639999,43511.4518184,0.0,30,120,60.0
31,None,None,None,0.0,0.0,0.0,0.0,0,0,0.0
32,Extensive,Complete,Moderate,2837913.5797111997,333587.79727439996,2054707.4469799995,449618.33545679995,120,480,480.0
33,Moderate,Slight,None,111195.93242479998,67684.48060639999,43511.4518184,0.0,30,120,60.0
34,Slight,Slight,Slight,145038.17272799998,14503.817272799997,43511.4518184,87022.90363679998,5,10,0.0
35,Moderate,Moderate,Slight,362595.43181999994,67684.48060639999,207888.04757679996,87022.90363679998,30,120,60.0
36,Moderate,Moderate,Moderate,725190.8636399999,67684.48060639999,207888.04757679996,449618.33545679995,30,120,60.0
37,Extensive,Extensive,Slight,1450381.7272799998,333587.79727439996,1029771.0263687999,87022.90363679998,120,480,480.0
38,Moderate,Slight,None,111195.93242479998,67684.48060639999,43511.4518184,0.0,30,120,60.0
39,Extensive,Moderate,Slight,628498.7484879999,333587.79727439996,207888.04757679996,87022.90363679998,120,480,480.0
40,None,None,None,0.0,0.0,0.0,0.0,0,0,0.0
41,Complete,Extensive,Slight,1783969.5245543995,667175.5945487999,1029771.0263687999,87022.90363679998,240,960,960.0
42,None,None,None,0.0,0.0,0.0,0.0,0,0,0.0
43,None,None,None,0.0,0.0,0.0,0.0,0,0,0.0
44,Moderate,Moderate,Slight,362595.43181999994,67684.48060639999,207888.04757679996,87022.90363679998,30,120,60.0
45,Moderate,Moderate,Slight,362595.43181999994,67684.48060639999,207888.04757679996,87022.90363679998,30,120,60.0
46,None,None,None,0.0,0.0,0.0,0.0,0,0,0.0
47,Complete,Extensive,None,1696946.6209175996,667175.5945487999,1029771.0263687999,0.0,240,960,960.0
48,Moderate,Moderate,None,275572.52818319993,67684.48060639999,207888.04757679996,0.0,30,120,60.0
49,Moderate,Moderate,None,275572.52818319993,67684.48060639999,207888.04757679996,0.0,30,120,60.0
50,Moderate,Extensive,Moderate,1547073.8424319997,67684.48060639999,1029771.0263687999,449618.33545679995,30,120,60.0
51,Moderate,Moderate,Slight,362595.43181999994,67684.48060639999,207888.04757679996,87022.90363679998,30,120,60.0
52,Moderate,Moderate,Slight,362595.43181999994,67684.48060639999,207888.04757679996,87022.90363679998,30,120,60.0
53,Moderate,Moderate,None,275572.52818319993,67684.48060639999,207888.04757679996,0.0,30,120,60.0
54,Moderate,Slight,None,111195.93242479998,67684.48060639999,43511.4518184,0.0,30,120,60.0
55,Extensive,Extensive,Moderate,1812977.1590999998,333587.79727439996,1029771.0263687999,449618.33545679995,120,480,480.0
56,Slight,None,None,14503.817272799997,14503.817272799997,0.0,0.0,5,10,0.0
57,Moderate,Moderate,Moderate,725190.8636399999,67684.48060639999,207888.04757679996,449618.33545679995,30,120,60.0
58,Moderate,Moderate,Slight,362595.43181999994,67684.48060639999,207888.04757679996,87022.90363679998,30,120,60.0
59,Moderate,Moderate,Slight,362595.43181999994,67684.48060639999,207888.04757679996,87022.90363679998,30,120,60.0
60,Moderate,Moderate,Moderate,725190.8636399999,67684.48060639999,207888.04757679996,449618.33545679995,30,120,60.0
61,Moderate,Moderate,Slight,362595.43181999994,67684.48060639999,207888.04757679996,87022.90363679998,30,120,60.0
62,None,None,None,0.0,0.0,0.0,0.0,0,0,0.0
63,Slight,Moderate,None,222391.86484959995,14503.817272799997,207888.04757679996,0.0,5,10,0.0
64,Slight,Slight,None,58015.269091199996,14503.817272799997,43511.4518184,0.0,5,10,0.0
65,Slight,Moderate,None,222391.86484959995,14503.817272799997,207888.04757679996,0.0,5,10,0.0
66,None,None,None,0.0,0.0,0.0,0.0,0,0,0.0
67,Moderate,Moderate,None,275572.52818319993,67684.48060639999,207888.04757679996,0.0,30,120,60.0
68,Extensive,Extensive,None,1363358.8236431999,333587.79727439996,1029771.0263687999,0.0,120,480,480.0
69,Moderate,Moderate,Slight,362595.43181999994,67684.48060639999,207888.04757679996,87022.90363679998,30,120,60.0
70,Slight,Slight,Moderate,507633.6045479999,14503.817272799997,43511.4518184,449618.33545679995,5,10,0.0
71,Slight,Moderate,None,222391.86484959995,14503.817272799997,207888.04757679996,0.0,5,10,0.0
72,Moderate,Moderate,None,275572.52818319993,67684.48060639999,207888.04757679996,0.0,30,120,60.0
73,Moderate,Moderate,None,275572.52818319993,67684.48060639999,207888.04757679996,0.0,30,120,60.0
74,Slight,Slight,None,58015.269091199996,14503.817272799997,43511.4518184,0.0,5,10,0.0
75,Extensive,Extensive,Slight,1450381.7272799998,333587.79727439996,1029771.0263687999,87022.90363679998,120,480,480.0
76,Slight,Moderate,Slight,309414.7684863999,14503.817272799997,207888.04757679996,87022.90363679998,5,10,0.0
77,Moderate,Moderate,Slight,362595.43181999994,67684.48060639999,207888.04757679996,87022.90363679998,30,120,60.0
78,Moderate,Slight,Slight,198218.83606159996,67684.48060639999,43511.4518184,87022.90363679998,30,120,60.0
79,None,None,None,0.0,0.0,0.0,0.0,0,0,0.0
80,Slight,Moderate,None,222391.86484959995,14503.817272799997,207888.04757679996,0.0,5,10,0.0
81,Moderate,Moderate,Extensive,2117557.3218288,67684.48060639999,207888.04757679996,1841984.7936455999,30,120,60.0
82,None,None,None,0.0,0.0,0.0,0.0,0,0,0.0
83,Complete,Complete,Complete,7251908.636399999,667175.5945487999,2054707.4469799995,4530025.5948712,240,960,960.0
84,Moderate,Moderate,None,275572.52818319993,67684.48060639999,207888.04757679996,0.0,30,120,60.0
85,Moderate,Moderate,None,275572.52818319993,67684.48060639999,207888.04757679996,0.0,30,120,60.0
86,Slight,Moderate,None,222391.86484959995,14503.817272799997,207888.04757679996,0.0,5,10,0.0
87,Moderate,Slight,None,111195.93242479998,67684.48060639999,43511.4518184,0.0,30,120,60.0
88,Slight,None,None,14503.817272799997,14503.817272799997,0.0,0.0,5,10,0.0
89,Moderate,Moderate,None,275572.52818319993,67684.48060639999,207888.04757679996,0.0,30,120,60.0
90,Moderate,Slight,Slight,198218.83606159996,67684.48060639999,43511.4518184,87022.90363679998,30,120,60.0
91,Moderate,Moderate,None,275572.52818319993,67684.48060639999,207888.04757679996,0.0,30,120,60.0
92,None,None,None,0.0,0.0,0.0,0.0,0,0,0.0
93,Moderate,Moderate,Slight,362595.43181999994,67684.48060639999,207888.04757679996,87022.90363679998,30,120,60.0
94,Moderate,Moderate,None,275572.52818319993,67684.48060639999,207888.04757679996,0.0,30,120,60.0
95,None,None,None,0.0,0.0,0.0,0.0,0,0,0.0
96,Complete,Complete,Complete,7251908.636399999,667175.5945487999,2054707.4469799995,4530025.5948712,240,960,960.0
97,Slight,Slight,None,58015.269091199996,14503.817272799997,43511.4518184,0.0,5,10,0.0
98,None,None,None,0.0,0.0,0.0,0.0,0,0,0.0
99,Slight,Moderate,None,222391.86484959995,14503.817272799997,207888.04757679996,0.0,5,10,0.0
100,Slight,Slight,None,58015.269091199996,14503.817272799997,43511.4518184,0.0,5,10,0.0
101,Moderate,Moderate,None,275572.52818319993,67684.48060639999,207888.04757679996,0.0,30,120,60.0
102,None,None,None,0.0,0.0,0.0,0.0,0,0,0.0
103,Moderate,Moderate,None,275572.52818319993,67684.48060639999,207888.04757679996,0.0,30,120,60.0
104,None,None,None,0.0,0.0,0.0,0.0,0,0,0.0
105,Complete,Complete,None,2721883.0415287996,667175.5945487999,2054707.4469799995,0.0,240,960,960.0
106,Slight,Slight,Slight,145038.17272799998,14503.817272799997,43511.4518184,87022.90363679998,5,10,0.0
107,Slight,Slight,None,58015.269091199996,14503.817272799997,43511.4518184,0.0,5,10,0.0
108,Slight,Moderate,None,222391.86484959995,14503.817272799997,207888.04757679996,0.0,5,10,0.0
109,Complete,Complete,Complete,7251908.636399999,667175.5945487999,2054707.4469799995,4530025.5948712,240,960,960.0
110,Moderate,Moderate,None,275572.52818319993,67684.48060639999,207888.04757679996,0.0,30,120,60.0
111,Complete,Complete,Complete,7251908.636399999,667175.5945487999,2054707.4469799995,4530025.5948712,240,960,960.0
112,Slight,Moderate,None,222391.86484959995,14503.817272799997,207888.04757679996,0.0,5,10,0.0
113,Complete,Complete,Complete,7251908.636399999,667175.5945487999,2054707.4469799995,4530025.5948712,240,960,960.0
114,Moderate,Moderate,None,275572.52818319993,67684.48060639999,207888.04757679996,0.0,30,120,60.0
115,Extensive,Moderate,Moderate,991094.1803079998,333587.79727439996,207888.04757679996,449618.33545679995,120,480,480.0
116,Slight,Slight,None,58015.269091199996,14503.817272799997,43511.4518184,0.0,5,10,0.0
117,Extensive,Moderate,None,541475.8448511999,333587.79727439996,207888.04757679996,0.0,120,480,480.0
118,Extensive,Extensive,Extensive,3205343.6172888,333587.79727439996,1029771.0263687999,1841984.7936455999,120,480,480.0
119,Slight,Moderate,None,222391.86484959995,14503.817272799997,207888.04757679996,0.0,5,10,0.0
120,Moderate,Moderate,None,275572.52818319993,67684.48060639999,207888.04757679996,0.0,30,120,60.0
121,Moderate,Moderate,Slight,362595.43181999994,67684.48060639999,207888.04757679996,87022.90363679998,30,120,60.0
122,Complete,Extensive,Moderate,2146564.9563743994,667175.5945487999,1029771.0263687999,449618.33545679995,240,960,960.0
123,Moderate,Extensive,Moderate,1547073.8424319997,67684.48060639999,1029771.0263687999,449618.33545679995,30,120,60.0
124,Moderate,Slight,None,111195.93242479998,67684.48060639999,43511.4518184,0.0,30,120,60.0
125,Moderate,Moderate,Moderate,725190.8636399999,67684.48060639999,207888.04757679996,449618.33545679995,30,120,60.0
126,Moderate,Slight,None,111195.93242479998,67684.48060639999,43511.4518184,0.0,30,120,60.0
127,Moderate,Moderate,None,275572.52818319993,67684.48060639999,207888.04757679996,0.0,30,120,60.0
128,Moderate,Moderate,Moderate,725190.8636399999,67684.48060639999,207888.04757679996,449618.33545679995,30,120,60.0
129,Moderate,Slight,None,111195.93242479998,67684.48060639999,43511.4518184,0.0,30,120,60.0
130,Moderate,Moderate,None,275572.52818319993,67684.48060639999,207888.04757679996,0.0,30,120,60.0
131,Extensive,Extensive,None,1363358.8236431999,333587.79727439996,1029771.0263687999,0.0,120,480,480.0
132,Slight,Slight,None,58015.269091199996,14503.817272799997,43511.4518184,0.0,5,10,0.0
133,Moderate,Slight,Slight,198218.83606159996,67684.48060639999,43511.4518184,87022.90363679998,30,120,60.0
134,Slight,Slight,None,58015.269091199996,14503.817272799997,43511.4518184,0.0,5,10,0.0
135,Complete,Complete,None,2721883.0415287996,667175.5945487999,2054707.4469799995,0.0,240,960,960.0
136,Slight,Slight,None,58015.269091199996,14503.817272799997,43511.4518184,0.0,5,10,0.0
137,Moderate,None,None,67684.48060639999,67684.48060639999,0.0,0.0,30,120,60.0
138,None,None,None,0.0,0.0,0.0,0.0,0,0,0.0
139,Moderate,Moderate,None,275572.52818319993,67684.48060639999,207888.04757679996,0.0,30,120,60.0
140,None,None,None,0.0,0.0,0.0,0.0,0,0,0.0
141,Moderate,Extensive,Slight,1184478.4106119997,67684.48060639999,1029771.0263687999,87022.90363679998,30,120,60.0
142,None,None,None,0.0,0.0,0.0,0.0,0,0,0.0
143,Moderate,Moderate,None,275572.52818319993,67684.48060639999,207888.04757679996,0.0,30,120,60.0
144,Slight,Moderate,None,222391.86484959995,14503.817272799997,207888.04757679996,0.0,5,10,0.0
145,Moderate,Moderate,Slight,362595.43181999994,67684.48060639999,207888.04757679996,87022.90363679998,30,120,60.0
146,Moderate,Moderate,Slight,362595.43181999994,67684.48060639999,207888.04757679996,87022.90363679998,30,120,60.0
147,Moderate,Slight,Moderate,560814.2678816,67684.48060639999,43511.4518184,449618.33545679995,30,120,60.0
148,Extensive,Complete,Slight,2475318.1478911997,333587.79727439996,2054707.4469799995,87022.90363679998,120,480,480.0
149,Complete,Extensive,None,1696946.6209175996,667175.5945487999,1029771.0263687999,0.0,240,960,960.0
150,Slight,Slight,None,58015.269091199996,14503.817272799997,43511.4518184,0.0,5,10,0.0
151,Moderate,Slight,Moderate,560814.2678816,67684.48060639999,43511.4518184,449618.33545679995,30,120,60.0
152,None,None,None,0.0,0.0,0.0,0.0,0,0,0.0
153,Slight,Slight,None,58015.269091199996,14503.817272799997,43511.4518184,0.0,5,10,0.0
154,Moderate,Moderate,Slight,362595.43181999994,67684.48060639999,207888.04757679996,87022.90363679998,30,120,60.0
155,None,None,None,0.0,0.0,0.0,0.0,0,0,0.0
156,None,None,None,0.0,0.0,0.0,0.0,0,0,0.0
157,Moderate,Slight,None,111195.93242479998,67684.48060639999,43511.4518184,0.0,30,120,60.0
158,Moderate,Moderate,None,275572.52818319993,67684.48060639999,207888.04757679996,0.0,30,120,60.0
159,Slight,Moderate,None,222391.86484959995,14503.817272799997,207888.04757679996,0.0,5,10,0.0
160,Moderate,Moderate,None,275572.52818319993,67684.48060639999,207888.04757679996,0.0,30,120,60.0
161,Extensive,Moderate,Slight,628498.7484879999,333587.79727439996,207888.04757679996,87022.90363679998,120,480,480.0
162,Slight,None,None,14503.817272799997,14503.817272799997,0.0,0.0,5,10,0.0
163,Moderate,Extensive,Slight,1184478.4106119997,67684.48060639999,1029771.0263687999,87022.90363679998,30,120,60.0
164,Moderate,Moderate,None,275572.52818319993,67684.48060639999,207888.04757679996,0.0,30,120,60.0
165,Moderate,Extensive,Moderate,1547073.8424319997,67684.48060639999,1029771.0263687999,449618.33545679995,30,120,60.0
166,Moderate,Slight,None,111195.93242479998,67684.48060639999,43511.4518184,0.0,30,120,60.0
167,Slight,Slight,None,58015.269091199996,14503.817272799997,43511.4518184,0.0,5,10,0.0
168,Extensive,Moderate,Moderate,991094.1803079998,333587.79727439996,207888.04757679996,449618.33545679995,120,480,480.0
169,Extensive,Slight,Moderate,826717.5845495999,333587.79727439996,43511.4518184,449618.33545679995,120,480,480.0
170,Slight,Moderate,None,222391.86484959995,14503.817272799997,207888.04757679996,0.0,5,10,0.0
171,Moderate,Moderate,None,275572.52818319993,67684.48060639999,207888.04757679996,0.0,30,120,60.0
172,Moderate,Extensive,Slight,1184478.4106119997,67684.48060639999,1029771.0263687999,87022.90363679998,30,120,60.0
173,Moderate,Extensive,None,1097455.5069751998,67684.48060639999,1029771.0263687999,0.0,30,120,60.0
174,Moderate,Moderate,None,275572.52818319993,67684.48060639999,207888.04757679996,0.0,30,120,60.0
175,Moderate,Moderate,None,275572.52818319993,67684.48060639999,207888.04757679996,0.0,30,120,60.0
176,Moderate,Moderate,Slight,362595.43181999994,67684.48060639999,207888.04757679996,87022.90363679998,30,120,60.0
177,None,None,None,0.0,0.0,0.0,0.0,0,0,0.0
178,Complete,Complete,Complete,7251908.636399999,667175.5945487999,2054707.4469799995,4530025.5948712,240,960,960.0
179,Extensive,Extensive,Slight,1450381.7272799998,333587.79727439996,1029771.0263687999,87022.90363679998,120,480,480.0
180,Complete,Complete,Complete,7251908.636399999,667175.5945487999,2054707.4469799995,4530025.5948712,240,960,960.0
181,Complete,Complete,Complete,7251908.636399999,667175.5945487999,2054707.4469799995,4530025.5948712,240,960,960.0
182,Moderate,Moderate,Slight,362595.43181999994,67684.48060639999,207888.04757679996,87022.90363679998,30,120,60.0
183,None,None,None,0.0,0.0,0.0,0.0,0,0,0.0
184,Moderate,Moderate,None,275572.52818319993,67684.48060639999,207888.04757679996,0.0,30,120,60.0
185,Slight,Slight,Moderate,507633.6045479999,14503.817272799997,43511.4518184,449618.33545679995,5,10,0.0
186,Extensive,Moderate,None,541475.8448511999,333587.79727439996,207888.04757679996,0.0,120,480,480.0
187,None,Slight,None,43511.4518184,0.0,43511.4518184,0.0,0,0,0.0
188,Moderate,Moderate,None,275572.52818319993,67684.48060639999,207888.04757679996,0.0,30,120,60.0
189,Slight,Moderate,Slight,309414.7684863999,14503.817272799997,207888.04757679996,87022.90363679998,5,10,0.0
190,Moderate,Slight,None,111195.93242479998,67684.48060639999,43511.4518184,0.0,30,120,60.0
191,Moderate,Moderate,None,275572.52818319993,67684.48060639999,207888.04757679996,0.0,30,120,60.0
192,Moderate,Moderate,Slight,362595.43181999994,67684.48060639999,207888.04757679996,87022.90363679998,30,120,60.0
193,Moderate,Moderate,None,275572.52818319993,67684.48060639999,207888.04757679996,0.0,30,120,60.0
194,Moderate,Complete,None,2122391.9275863995,67684.48060639999,2054707.4469799995,0.0,30,120,60.0
195,Moderate,Extensive,Slight,1184478.4106119997,67684.48060639999,1029771.0263687999,87022.90363679998,30,120,60.0
196,None,None,None,0.0,0.0,0.0,0.0,0,0,0.0
197,Moderate,Moderate,Moderate,725190.8636399999,67684.48060639999,207888.04757679996,449618.33545679995,30,120,60.0
198,Moderate,Moderate,None,275572.52818319993,67684.48060639999,207888.04757679996,0.0,30,120,60.0
199,Moderate,Moderate,None,275572.52818319993,67684.48060639999,207888.04757679996,0.0,30,120,60.0
200,Moderate,Moderate,Slight,362595.43181999994,67684.48060639999,207888.04757679996,87022.90363679998,30,120,60.0
201,None,None,None,0.0,0.0,0.0,0.0,0,0,0.0
202,Moderate,Slight,None,111195.93242479998,67684.48060639999,43511.4518184,0.0,30,120,60.0
203,Moderate,Extensive,Slight,1184478.4106119997,67684.48060639999,1029771.0263687999,87022.90363679998,30,120,60.0
204,Extensive,Extensive,Slight,1450381.7272799998,333587.79727439996,1029771.0263687999,87022.90363679998,120,480,480.0
205,Moderate,Moderate,None,275572.52818319993,67684.48060639999,207888.04757679996,0.0,30,120,60.0
206,None,None,None,0.0,0.0,0.0,0.0,0,0,0.0
207,Moderate,None,None,67684.48060639999,67684.48060639999,0.0,0.0,30,120,60.0
208,Moderate,Extensive,Slight,1184478.4106119997,67684.48060639999,1029771.0263687999,87022.90363679998,30,120,60.0
209,Moderate,Moderate,None,275572.52818319993,67684.48060639999,207888.04757679996,0.0,30,120,60.0
210,Moderate,Slight,None,111195.93242479998,67684.48060639999,43511.4518184,0.0,30,120,60.0
211,Moderate,Extensive,None,1097455.5069751998,67684.48060639999,1029771.0263687999,0.0,30,120,60.0
212,Moderate,Moderate,Slight,362595.43181999994,67684.48060639999,207888.04757679996,87022.90363679998,30,120,60.0
213,Slight,Moderate,None,222391.86484959995,14503.817272799997,207888.04757679996,0.0,5,10,0.0
214,Complete,Complete,Moderate,3171501.3769855993,667175.5945487999,2054707.4469799995,449618.33545679995,240,960,960.0
215,Moderate,Moderate,Slight,362595.43181999994,67684.48060639999,207888.04757679996,87022.90363679998,30,120,60.0
216,Moderate,Moderate,None,275572.52818319993,67684.48060639999,207888.04757679996,0.0,30,120,60.0
217,None,None,None,0.0,0.0,0.0,0.0,0,0,0.0
218,Moderate,None,None,67684.48060639999,67684.48060639999,0.0,0.0,30,120,60.0
219,Moderate,Moderate,Slight,362595.43181999994,67684.48060639999,207888.04757679996,87022.90363679998,30,120,60.0
220,None,None,None,0.0,0.0,0.0,0.0,0,0,0.0
221,Moderate,Moderate,None,275572.52818319993,67684.48060639999,207888.04757679996,0.0,30,120,60.0
222,Moderate,Moderate,None,275572.52818319993,67684.48060639999,207888.04757679996,0.0,30,120,60.0
223,None,None,None,0.0,0.0,0.0,0.0,0,0,0.0
224,None,None,None,0.0,0.0,0.0,0.0,0,0,0.0
225,Slight,Moderate,None,222391.86484959995,14503.817272799997,207888.04757679996,0.0,5,10,0.0
226,Extensive,Moderate,None,541475.8448511999,333587.79727439996,207888.04757679996,0.0,120,480,480.0
227,Moderate,Moderate,None,275572.52818319993,67684.48060639999,207888.04757679996,0.0,30,120,60.0
228,Extensive,Extensive,Moderate,1812977.1590999998,333587.79727439996,1029771.0263687999,449618.33545679995,120,480,480.0
229,Extensive,Extensive,Extensive,3205343.6172888,333587.79727439996,1029771.0263687999,1841984.7936455999,120,480,480.0
230,Extensive,Moderate,Moderate,991094.1803079998,333587.79727439996,207888.04757679996,449618.33545679995,120,480,480.0
231,None,Moderate,None,207888.04757679996,0.0,207888.04757679996,0.0,0,0,0.0
232,Moderate,Moderate,None,275572.52818319993,67684.48060639999,207888.04757679996,0.0,30,120,60.0
233,Moderate,Moderate,None,275572.52818319993,67684.48060639999,207888.04757679996,0.0,30,120,60.0
234,Slight,Slight,Slight,145038.17272799998,14503.817272799997,43511.4518184,87022.90363679998,5,10,0.0
235,Complete,Complete,Moderate,3171501.3769855993,667175.5945487999,2054707.4469799995,449618.33545679995,240,960,960.0
236,None,None,None,0.0,0.0,0.0,0.0,0,0,0.0
237,Moderate,None,None,67684.48060639999,67684.48060639999,0.0,0.0,30,120,60.0
238,Moderate,Extensive,None,1097455.5069751998,67684.48060639999,1029771.0263687999,0.0,30,120,60.0
239,Extensive,Moderate,None,541475.8448511999,333587.79727439996,207888.04757679996,0.0,120,480,480.0
240,Moderate,Moderate,None,275572.52818319993,67684.48060639999,207888.04757679996,0.0,30,120,60.0
241,Moderate,Moderate,None,275572.52818319993,67684.48060639999,207888.04757679996,0.0,30,120,60.0
242,Slight,Moderate,None,222391.86484959995,14503.817272799997,207888.04757679996,0.0,5,10,0.0
243,None,None,None,0.0,0.0,0.0,0.0,0,0,0.0
244,Complete,Complete,Complete,7251908.636399999,667175.5945487999,2054707.4469799995,4530025.5948712,240,960,960.0
245,Slight,Slight,None,58015.269091199996,14503.817272799997,43511.4518184,0.0,5,10,0.0
246,Moderate,Slight,None,111195.93242479998,67684.48060639999,43511.4518184,0.0,30,120,60.0
247,Slight,Slight,None,58015.269091199996,14503.817272799997,43511.4518184,0.0,5,10,0.0
248,Extensive,Extensive,None,1363358.8236431999,333587.79727439996,1029771.0263687999,0.0,120,480,480.0
249,Moderate,Extensive,Moderate,1547073.8424319997,67684.48060639999,1029771.0263687999,449618.33545679995,30,120,60.0
250,Moderate,Slight,None,111195.93242479998,67684.48060639999,43511.4518184,0.0,30,120,60.0
251,Moderate,Extensive,Slight,1184478.4106119997,67684.48060639999,1029771.0263687999,87022.90363679998,30,120,60.0
252,None,None,None,0.0,0.0,0.0,0.0,0,0,0.0
253,Moderate,Moderate,Slight,362595.43181999994,67684.48060639999,207888.04757679996,87022.90363679998,30,120,60.0
254,None,None,None,0.0,0.0,0.0,0.0,0,0,0.0
255,Moderate,Extensive,Slight,1184478.4106119997,67684.48060639999,1029771.0263687999,87022.90363679998,30,120,60.0
256,Slight,Moderate,None,222391.86484959995,14503.817272799997,207888.04757679996,0.0,5,10,0.0
257,Moderate,Complete,Moderate,2572010.2630431997,67684.48060639999,2054707.4469799995,449618.33545679995,30,120,60.0
258,Extensive,Moderate,None,541475.8448511999,333587.79727439996,207888.04757679996,0.0,120,480,480.0
259,Complete,Complete,Complete,7251908.636399999,667175.5945487999,2054707.4469799995,4530025.5948712,240,960,960.0
260,Extensive,Complete,Extensive,4230280.037899999,333587.79727439996,2054707.4469799995,1841984.7936455999,120,480,480.0
261,Moderate,Moderate,Slight,362595.43181999994,67684.48060639999,207888.04757679996,87022.90363679998,30,120,60.0
262,Complete,Complete,Complete,7251908.636399999,667175.5945487999,2054707.4469799995,4530025.5948712,240,960,960.0
263,Moderate,Moderate,Moderate,725190.8636399999,67684.48060639999,207888.04757679996,449618.33545679995,30,120,60.0
264,Moderate,Moderate,None,275572.52818319993,67684.48060639999,207888.04757679996,0.0,30,120,60.0
265,None,None,None,0.0,0.0,0.0,0.0,0,0,0.0
266,None,None,None,0.0,0.0,0.0,0.0,0,0,0.0
267,None,None,None,0.0,0.0,0.0,0.0,0,0,0.0
268,None,None,None,0.0,0.0,0.0,0.0,0,0,0.0
269,Complete,Complete,Complete,7251908.636399999,667175.5945487999,2054707.4469799995,4530025.5948712,240,960,960.0
270,None,None,None,0.0,0.0,0.0,0.0,0,0,0.0
271,Moderate,Moderate,Slight,362595.43181999994,67684.48060639999,207888.04757679996,87022.90363679998,30,120,60.0
272,None,None,None,0.0,0.0,0.0,0.0,0,0,0.0
273,Extensive,Moderate,Slight,628498.7484879999,333587.79727439996,207888.04757679996,87022.90363679998,120,480,480.0
274,Moderate,Moderate,None,275572.52818319993,67684.48060639999,207888.04757679996,0.0,30,120,60.0
275,Moderate,Moderate,None,275572.52818319993,67684.48060639999,207888.04757679996,0.0,30,120,60.0
276,Moderate,Moderate,None,275572.52818319993,67684.48060639999,207888.04757679996,0.0,30,120,60.0
277,Slight,Slight,None,58015.269091199996,14503.817272799997,43511.4518184,0.0,5,10,0.0
278,Moderate,Moderate,Moderate,725190.8636399999,67684.48060639999,207888.04757679996,449618.33545679995,30,120,60.0
279,Moderate,Extensive,None,1097455.5069751998,67684.48060639999,1029771.0263687999,0.0,30,120,60.0
280,None,None,None,0.0,0.0,0.0,0.0,0,0,0.0
281,Moderate,Slight,None,111195.93242479998,67684.48060639999,43511.4518184,0.0,30,120,60.0
282,None,None,None,0.0,0.0,0.0,0.0,0,0,0.0
283,Extensive,Extensive,Slight,1450381.7272799998,333587.79727439996,1029771.0263687999,87022.90363679998,120,480,480.0
284,Complete,Complete,Complete,7251908.636399999,667175.5945487999,2054707.4469799995,4530025.5948712,240,960,960.0
285,Moderate,Moderate,Slight,362595.43181999994,67684.48060639999,207888.04757679996,87022.90363679998,30,120,60.0
286,Extensive,Moderate,Moderate,991094.1803079998,333587.79727439996,207888.04757679996,449618.33545679995,120,480,480.0
287,Extensive,Moderate,None,541475.8448511999,333587.79727439996,207888.04757679996,0.0,120,480,480.0
288,None,None,None,0.0,0.0,0.0,0.0,0,0,0.0
289,Slight,Slight,None,58015.269091199996,14503.817272799997,43511.4518184,0.0,5,10,0.0
290,Extensive,Complete,None,2388295.2442543996,333587.79727439996,2054707.4469799995,0.0,120,480,480.0
291,None,None,None,0.0,0.0,0.0,0.0,0,0,0.0
292,None,None,None,0.0,0.0,0.0,0.0,0,0,0.0
293,Moderate,Extensive,Slight,1184478.4106119997,67684.48060639999,1029771.0263687999,87022.90363679998,30,120,60.0
294,Moderate,Extensive,Slight,1184478.4106119997,67684.48060639999,1029771.0263687999,87022.90363679998,30,120,60.0
295,None,None,None,0.0,0.0,0.0,0.0,0,0,0.0
296,Moderate,Slight,Slight,198218.83606159996,67684.48060639999,43511.4518184,87022.90363679998,30,120,60.0
297,Extensive,Extensive,Moderate,1812977.1590999998,333587.79727439996,1029771.0263687999,449618.33545679995,120,480,480.0
298,Slight,None,Moderate,464122.15272959997,14503.817272799997,0.0,449618.33545679995,5,10,0.0
299,Moderate,Moderate,Slight,362595.43181999994,67684.48060639999,207888.04757679996,87022.90363679998,30,120,60.0
300,Complete,Moderate,None,875063.6421255999,667175.5945487999,207888.04757679996,0.0,240,960,960.0
301,None,None,None,0.0,0.0,0.0,0.0,0,0,0.0
302,Moderate,Slight,None,111195.93242479998,67684.48060639999,43511.4518184,0.0,30,120,60.0
303,Slight,Slight,None,58015.269091199996,14503.817272799997,43511.4518184,0.0,5,10,0.0
304,None,None,None,0.0,0.0,0.0,0.0,0,0,0.0
305,None,None,None,0.0,0.0,0.0,0.0,0,0,0.0
306,Slight,Slight,None,58015.269091199996,14503.817272799997,43511.4518184,0.0,5,10,0.0
307,Extensive,Complete,None,2388295.2442543996,333587.79727439996,2054707.4469799995,0.0,120,480,480.0
308,None,None,None,0.0,0.0,0.0,0.0,0,0,0.0
309,Moderate,Moderate,None,275572.52818319993,67684.48060639999,207888.04757679996,0.0,30,120,60.0
310,Moderate,Moderate,Moderate,725190.8636399999,67684.48060639999,207888.04757679996,449618.33545679995,30,120,60.0
311,Moderate,Moderate,None,275572.52818319993,67684.48060639999,207888.04757679996,0.0,30,120,60.0
312,Moderate,Moderate,None,275572.52818319993,67684.48060639999,207888.04757679996,0.0,30,120,60.0
313,Moderate,Moderate,None,275572.52818319993,67684.48060639999,207888.04757679996,0.0,30,120,60.0
314,Complete,Complete,Complete,7251908.636399999,667175.5945487999,2054707.4469799995,4530025.5948712,240,960,960.0
315,Extensive,Moderate,Moderate,991094.1803079998,333587.79727439996,207888.04757679996,449618.33545679995,120,480,480.0
316,Moderate,Slight,None,111195.93242479998,67684.48060639999,43511.4518184,0.0,30,120,60.0
317,Moderate,Slight,None,111195.93242479998,67684.48060639999,43511.4518184,0.0,30,120,60.0
318,Slight,Slight,None,58015.269091199996,14503.817272799997,43511.4518184,0.0,5,10,0.0
319,Moderate,Moderate,None,275572.52818319993,67684.48060639999,207888.04757679996,0.0,30,120,60.0
320,Extensive,Extensive,Slight,1450381.7272799998,333587.79727439996,1029771.0263687999,87022.90363679998,120,480,480.0
321,Moderate,Moderate,None,275572.52818319993,67684.48060639999,207888.04757679996,0.0,30,120,60.0
322,None,None,None,0.0,0.0,0.0,0.0,0,0,0.0
323,Moderate,Moderate,Slight,362595.43181999994,67684.48060639999,207888.04757679996,87022.90363679998,30,120,60.0
324,None,None,None,0.0,0.0,0.0,0.0,0,0,0.0
325,Moderate,None,None,67684.48060639999,67684.48060639999,0.0,0.0,30,120,60.0
326,Complete,Complete,Complete,7251908.636399999,667175.5945487999,2054707.4469799995,4530025.5948712,240,960,960.0
327,Moderate,Extensive,None,1097455.5069751998,67684.48060639999,1029771.0263687999,0.0,30,120,60.0
328,Complete,Complete,Complete,7251908.636399999,667175.5945487999,2054707.4469799995,4530025.5948712,240,960,960.0
329,Slight,Slight,None,58015.269091199996,14503.817272799997,43511.4518184,0.0,5,10,0.0
330,Moderate,Slight,None,111195.93242479998,67684.48060639999,43511.4518184,0.0,30,120,60.0
331,Complete,Extensive,Moderate,2146564.9563743994,667175.5945487999,1029771.0263687999,449618.33545679995,240,960,960.0
332,Complete,Complete,Complete,7251908.636399999,667175.5945487999,2054707.4469799995,4530025.5948712,240,960,960.0
333,Slight,Moderate,None,222391.86484959995,14503.817272799997,207888.04757679996,0.0,5,10,0.0
334,None,None,None,0.0,0.0,0.0,0.0,0,0,0.0
335,Slight,Moderate,None,222391.86484959995,14503.817272799997,207888.04757679996,0.0,5,10,0.0
336,Moderate,Moderate,Slight,362595.43181999994,67684.48060639999,207888.04757679996,87022.90363679998,30,120,60.0
337,Moderate,Extensive,Slight,1184478.4106119997,67684.48060639999,1029771.0263687999,87022.90363679998,30,120,60.0
338,Moderate,Extensive,None,1097455.5069751998,67684.48060639999,1029771.0263687999,0.0,30,120,60.0
339,Moderate,Extensive,None,1097455.5069751998,67684.48060639999,1029771.0263687999,0.0,30,120,60.0
340,Moderate,Slight,None,111195.93242479998,67684.48060639999,43511.4518184,0.0,30,120,60.0
341,Moderate,Moderate,None,275572.52818319993,67684.48060639999,207888.04757679996,0.0,30,120,60.0
342,Moderate,Moderate,None,275572.52818319993,67684.48060639999,207888.04757679996,0.0,30,120,60.0
343,Moderate,Moderate,Moderate,725190.8636399999,67684.48060639999,207888.04757679996,449618.33545679995,30,120,60.0
344,Slight,Slight,None,58015.269091199996,14503.817272799997,43511.4518184,0.0,5,10,0.0
345,None,None,None,0.0,0.0,0.0,0.0,0,0,0.0
346,Moderate,Extensive,Slight,1184478.4106119997,67684.48060639999,1029771.0263687999,87022.90363679998,30,120,60.0
347,None,None,None,0.0,0.0,0.0,0.0,0,0,0.0
348,Slight,Slight,None,58015.269091199996,14503.817272799997,43511.4518184,0.0,5,10,0.0
349,Moderate,Moderate,None,275572.52818319993,67684.48060639999,207888.04757679996,0.0,30,120,60.0
350,None,None,None,0.0,0.0,0.0,0.0,0,0,0.0
351,Slight,Moderate,None,222391.86484959995,14503.817272799997,207888.04757679996,0.0,5,10,0.0
352,Moderate,Moderate,None,275572.52818319993,67684.48060639999,207888.04757679996,0.0,30,120,60.0
353,Slight,Slight,None,58015.269091199996,14503.817272799997,43511.4518184,0.0,5,10,0.0
354,None,None,None,0.0,0.0,0.0,0.0,0,0,0.0
355,Moderate,Moderate,None,275572.52818319993,67684.48060639999,207888.04757679996,0.0,30,120,60.0
356,None,None,None,0.0,0.0,0.0,0.0,0,0,0.0
357,Complete,Complete,Complete,7251908.636399999,667175.5945487999,2054707.4469799995,4530025.5948712,240,960,960.0
358,Moderate,Moderate,None,275572.52818319993,67684.48060639999,207888.04757679996,0.0,30,120,60.0
359,Extensive,Complete,Moderate,2837913.5797111997,333587.79727439996,2054707.4469799995,449618.33545679995,120,480,480.0
360,None,None,None,0.0,0.0,0.0,0.0,0,0,0.0
361,Extensive,Extensive,Slight,1450381.7272799998,333587.79727439996,1029771.0263687999,87022.90363679998,120,480,480.0
362,Moderate,Extensive,None,1097455.5069751998,67684.48060639999,1029771.0263687999,0.0,30,120,60.0
363,None,None,None,0.0,0.0,0.0,0.0,0,0,0.0
364,Moderate,Slight,None,111195.93242479998,67684.48060639999,43511.4518184,0.0,30,120,60.0
365,Moderate,Moderate,None,275572.52818319993,67684.48060639999,207888.04757679996,0.0,30,120,60.0
366,Extensive,Moderate,Moderate,991094.1803079998,333587.79727439996,207888.04757679996,449618.33545679995,120,480,480.0
367,Moderate,Extensive,Moderate,1547073.8424319997,67684.48060639999,1029771.0263687999,449618.33545679995,30,120,60.0
368,Extensive,Extensive,Slight,1450381.7272799998,333587.79727439996,1029771.0263687999,87022.90363679998,120,480,480.0
369,Extensive,Moderate,Slight,628498.7484879999,333587.79727439996,207888.04757679996,87022.90363679998,120,480,480.0
370,Moderate,Moderate,None,275572.52818319993,67684.48060639999,207888.04757679996,0.0,30,120,60.0
371,Extensive,Extensive,None,1363358.8236431999,333587.79727439996,1029771.0263687999,0.0,120,480,480.0
372,Extensive,Complete,None,2388295.2442543996,333587.79727439996,2054707.4469799995,0.0,120,480,480.0
373,Moderate,Extensive,Slight,1184478.4106119997,67684.48060639999,1029771.0263687999,87022.90363679998,30,120,60.0
374,Extensive,Moderate,None,541475.8448511999,333587.79727439996,207888.04757679996,0.0,120,480,480.0
375,Slight,Moderate,None,222391.86484959995,14503.817272799997,207888.04757679996,0.0,5,10,0.0
376,Moderate,Extensive,None,1097455.5069751998,67684.48060639999,1029771.0263687999,0.0,30,120,60.0
377,Slight,Slight,None,58015.269091199996,14503.817272799997,43511.4518184,0.0,5,10,0.0
378,Moderate,Complete,Moderate,2572010.2630431997,67684.48060639999,2054707.4469799995,449618.33545679995,30,120,60.0
379,Slight,Moderate,None,222391.86484959995,14503.817272799997,207888.04757679996,0.0,5,10,0.0
380,Moderate,Moderate,None,275572.52818319993,67684.48060639999,207888.04757679996,0.0,30,120,60.0
381,Moderate,Slight,None,111195.93242479998,67684.48060639999,43511.4518184,0.0,30,120,60.0
382,Slight,Moderate,Moderate,672010.2003064,14503.817272799997,207888.04757679996,449618.33545679995,5,10,0.0
383,None,None,None,0.0,0.0,0.0,0.0,0,0,0.0
384,Complete,Complete,Complete,7251908.636399999,667175.5945487999,2054707.4469799995,4530025.5948712,240,960,960.0
385,Complete,Complete,Complete,7251908.636399999,667175.5945487999,2054707.4469799995,4530025.5948712,240,960,960.0
386,Moderate,Moderate,Slight,362595.43181999994,67684.48060639999,207888.04757679996,87022.90363679998,30,120,60.0
387,Moderate,Slight,Slight,198218.83606159996,67684.48060639999,43511.4518184,87022.90363679998,30,120,60.0
388,Extensive,Moderate,Slight,628498.7484879999,333587.79727439996,207888.04757679996,87022.90363679998,120,480,480.0
389,Extensive,Extensive,Moderate,1812977.1590999998,333587.79727439996,1029771.0263687999,449618.33545679995,120,480,480.0
390,Extensive,Extensive,None,1363358.8236431999,333587.79727439996,1029771.0263687999,0.0,120,480,480.0
391,Moderate,Slight,Moderate,560814.2678816,67684.48060639999,43511.4518184,449618.33545679995,30,120,60.0
392,Moderate,None,None,67684.48060639999,67684.48060639999,0.0,0.0,30,120,60.0
393,Moderate,Moderate,None,275572.52818319993,67684.48060639999,207888.04757679996,0.0,30,120,60.0
394,None,None,None,0.0,0.0,0.0,0.0,0,0,0.0
395,Slight,Slight,Slight,145038.17272799998,14503.817272799997,43511.4518184,87022.90363679998,5,10,0.0
396,Extensive,Moderate,None,541475.8448511999,333587.79727439996,207888.04757679996,0.0,120,480,480.0
397,Complete,Complete,Complete,7251908.636399999,667175.5945487999,2054707.4469799995,4530025.5948712,240,960,960.0
398,Moderate,Extensive,None,1097455.5069751998,67684.48060639999,1029771.0263687999,0.0,30,120,60.0
399,Moderate,Moderate,Slight,362595.43181999994,67684.48060639999,207888.04757679996,87022.90363679998,30,120,60.0
400,Complete,Complete,Complete,7251908.636399999,667175.5945487999,2054707.4469799995,4530025.5948712,240,960,960.0
401,Complete,Complete,Complete,7251908.636399999,667175.5945487999,2054707.4469799995,4530025.5948712,240,960,960.0
402,Extensive,Complete,None,2388295.2442543996,333587.79727439996,2054707.4469799995,0.0,120,480,480.0
403,Extensive,Extensive,Slight,1450381.7272799998,333587.79727439996,1029771.0263687999,87022.90363679998,120,480,480.0
404,Extensive,Slight,None,377099.24909279996,333587.79727439996,43511.4518184,0.0,120,480,480.0
405,None,None,None,0.0,0.0,0.0,0.0,0,0,0.0
406,Moderate,Slight,None,111195.93242479998,67684.48060639999,43511.4518184,0.0,30,120,60.0
407,Moderate,Slight,Moderate,560814.2678816,67684.48060639999,43511.4518184,449618.33545679995,30,120,60.0
408,Slight,Slight,None,58015.269091199996,14503.817272799997,43511.4518184,0.0,5,10,0.0
409,Moderate,Moderate,Slight,362595.43181999994,67684.48060639999,207888.04757679996,87022.90363679998,30,120,60.0
410,Extensive,Extensive,Extensive,3205343.6172888,333587.79727439996,1029771.0263687999,1841984.7936455999,120,480,480.0
411,Slight,Moderate,None,222391.86484959995,14503.817272799997,207888.04757679996,0.0,5,10,0.0
412,Moderate,None,None,67684.48060639999,67684.48060639999,0.0,0.0,30,120,60.0
413,Moderate,Slight,None,111195.93242479998,67684.48060639999,43511.4518184,0.0,30,120,60.0
414,None,None,None,0.0,0.0,0.0,0.0,0,0,0.0
415,Moderate,Slight,None,111195.93242479998,67684.48060639999,43511.4518184,0.0,30,120,60.0
416,Slight,Slight,None,58015.269091199996,14503.817272799997,43511.4518184,0.0,5,10,0.0
417,Complete,Extensive,Complete,6226972.215788799,667175.5945487999,1029771.0263687999,4530025.5948712,240,960,960.0
418,Moderate,Moderate,Moderate,725190.8636399999,67684.48060639999,207888.04757679996,449618.33545679995,30,120,60.0
419,Moderate,Moderate,None,275572.52818319993,67684.48060639999,207888.04757679996,0.0,30,120,60.0
420,Slight,Moderate,None,222391.86484959995,14503.817272799997,207888.04757679996,0.0,5,10,0.0
421,None,None,None,0.0,0.0,0.0,0.0,0,0,0.0
422,Moderate,Slight,None,111195.93242479998,67684.48060639999,43511.4518184,0.0,30,120,60.0
423,Moderate,Moderate,Slight,362595.43181999994,67684.48060639999,207888.04757679996,87022.90363679998,30,120,60.0
424,Moderate,Moderate,Slight,362595.43181999994,67684.48060639999,207888.04757679996,87022.90363679998,30,120,60.0
425,Extensive,Complete,Extensive,4230280.037899999,333587.79727439996,2054707.4469799995,1841984.7936455999,120,480,480.0
426,Slight,None,None,14503.817272799997,14503.817272799997,0.0,0.0,5,10,0.0
427,Moderate,Moderate,Slight,362595.43181999994,67684.48060639999,207888.04757679996,87022.90363679998,30,120,60.0
428,Slight,Slight,None,58015.269091199996,14503.817272799997,43511.4518184,0.0,5,10,0.0
429,Moderate,Extensive,Slight,1184478.4106119997,67684.48060639999,1029771.0263687999,87022.90363679998,30,120,60.0
430,Moderate,Moderate,None,275572.52818319993,67684.48060639999,207888.04757679996,0.0,30,120,60.0
431,Moderate,Slight,None,111195.93242479998,67684.48060639999,43511.4518184,0.0,30,120,60.0
432,None,None,None,0.0,0.0,0.0,0.0,0,0,0.0
433,Moderate,Slight,None,111195.93242479998,67684.48060639999,43511.4518184,0.0,30,120,60.0
434,Moderate,Slight,None,111195.93242479998,67684.48060639999,43511.4518184,0.0,30,120,60.0
435,Moderate,Extensive,None,1097455.5069751998,67684.48060639999,1029771.0263687999,0.0,30,120,60.0
436,None,None,None,0.0,0.0,0.0,0.0,0,0,0.0
437,Extensive,Moderate,None,541475.8448511999,333587.79727439996,207888.04757679996,0.0,120,480,480.0
438,None,Moderate,Slight,294910.95121359994,0.0,207888.04757679996,87022.90363679998,0,0,0.0
439,Moderate,Moderate,None,275572.52818319993,67684.48060639999,207888.04757679996,0.0,30,120,60.0
440,Complete,Moderate,Moderate,1324681.9775823997,667175.5945487999,207888.04757679996,449618.33545679995,240,960,960.0
441,Extensive,Extensive,Slight,1450381.7272799998,333587.79727439996,1029771.0263687999,87022.90363679998,120,480,480.0
442,Moderate,Slight,None,111195.93242479998,67684.48060639999,43511.4518184,0.0,30,120,60.0
443,None,None,None,0.0,0.0,0.0,0.0,0,0,0.0
444,Slight,Slight,None,58015.269091199996,14503.817272799997,43511.4518184,0.0,5,10,0.0
445,Extensive,Complete,None,2388295.2442543996,333587.79727439996,2054707.4469799995,0.0,120,480,480.0
446,Moderate,Moderate,None,275572.52818319993,67684.48060639999,207888.04757679996,0.0,30,120,60.0
447,Moderate,Moderate,Moderate,725190.8636399999,67684.48060639999,207888.04757679996,449618.33545679995,30,120,60.0
448,Complete,Complete,Complete,7251908.636399999,667175.5945487999,2054707.4469799995,4530025.5948712,240,960,960.0
449,Extensive,Moderate,None,541475.8448511999,333587.79727439996,207888.04757679996,0.0,120,480,480.0
450,None,None,None,0.0,0.0,0.0,0.0,0,0,0.0
451,Moderate,Moderate,None,275572.52818319993,67684.48060639999,207888.04757679996,0.0,30,120,60.0
452,None,None,None,0.0,0.0,0.0,0.0,0,0,0.0
453,Moderate,Moderate,Slight,362595.43181999994,67684.48060639999,207888.04757679996,87022.90363679998,30,120,60.0
454,Complete,Extensive,Slight,1783969.5245543995,667175.5945487999,1029771.0263687999,87022.90363679998,240,960,960.0
455,None,None,None,0.0,0.0,0.0,0.0,0,0,0.0
456,Moderate,Extensive,Slight,1184478.4106119997,67684.48060639999,1029771.0263687999,87022.90363679998,30,120,60.0
457,Moderate,Moderate,Slight,362595.43181999994,67684.48060639999,207888.04757679996,87022.90363679998,30,120,60.0
458,Extensive,Complete,Slight,2475318.1478911997,333587.79727439996,2054707.4469799995,87022.90363679998,120,480,480.0
459,Slight,Slight,Slight,145038.17272799998,14503.817272799997,43511.4518184,87022.90363679998,5,10,0.0
460,Slight,None,None,14503.817272799997,14503.817272799997,0.0,0.0,5,10,0.0
461,Moderate,Extensive,Moderate,1547073.8424319997,67684.48060639999,1029771.0263687999,449618.33545679995,30,120,60.0
462,None,Slight,None,43511.4518184,0.0,43511.4518184,0.0,0,0,0.0
463,None,None,None,0.0,0.0,0.0,0.0,0,0,0.0
464,Extensive,Extensive,None,1363358.8236431999,333587.79727439996,1029771.0263687999,0.0,120,480,480.0
465,Moderate,Moderate,Moderate,725190.8636399999,67684.48060639999,207888.04757679996,449618.33545679995,30,120,60.0
466,Moderate,Slight,Moderate,560814.2678816,67684.48060639999,43511.4518184,449618.33545679995,30,120,60.0
467,Moderate,Moderate,Slight,362595.43181999994,67684.48060639999,207888.04757679996,87022.90363679998,30,120,60.0
468,Slight,Extensive,Slight,1131297.7472783998,14503.817272799997,1029771.0263687999,87022.90363679998,5,10,0.0
469,Moderate,Moderate,None,275572.52818319993,67684.48060639999,207888.04757679996,0.0,30,120,60.0
470,None,None,None,0.0,0.0,0.0,0.0,0,0,0.0
471,None,None,None,0.0,0.0,0.0,0.0,0,0,0.0
472,None,None,None,0.0,0.0,0.0,0.0,0,0,0.0
473,Moderate,Moderate,None,275572.52818319993,67684.48060639999,207888.04757679996,0.0,30,120,60.0
474,Moderate,Moderate,Slight,362595.43181999994,67684.48060639999,207888.04757679996,87022.90363679998,30,120,60.0
475,Moderate,Moderate,Slight,362595.43181999994,67684.48060639999,207888.04757679996,87022.90363679998,30,120,60.0
476,Moderate,None,Slight,154707.38424319995,67684.48060639999,0.0,87022.90363679998,30,120,60.0
477,Moderate,Moderate,None,275572.52818319993,67684.48060639999,207888.04757679996,0.0,30,120,60.0
478,Slight,Slight,None,58015.269091199996,14503.817272799997,43511.4518184,0.0,5,10,0.0
479,None,None,None,0.0,0.0,0.0,0.0,0,0,0.0
480,None,None,None,0.0,0.0,0.0,0.0,0,0,0.0
481,Extensive,Extensive,None,1363358.8236431999,333587.79727439996,1029771.0263687999,0.0,120,480,480.0
482,Moderate,Moderate,None,275572.52818319993,67684.48060639999,207888.04757679996,0.0,30,120,60.0
483,Slight,Slight,None,58015.269091199996,14503.817272799997,43511.4518184,0.0,5,10,0.0
484,Extensive,Complete,Slight,2475318.1478911997,333587.79727439996,2054707.4469799995,87022.90363679998,120,480,480.0
485,Moderate,Moderate,Moderate,725190.8636399999,67684.48060639999,207888.04757679996,449618.33545679995,30,120,60.0
486,Moderate,Moderate,None,275572.52818319993,67684.48060639999,207888.04757679996,0.0,30,120,60.0
487,Extensive,Extensive,Moderate,1812977.1590999998,333587.79727439996,1029771.0263687999,449618.33545679995,120,480,480.0
488,Slight,Moderate,Slight,309414.7684863999,14503.817272799997,207888.04757679996,87022.90363679998,5,10,0.0
489,Complete,Complete,Complete,7251908.636399999,667175.5945487999,2054707.4469799995,4530025.5948712,240,960,960.0
490,Moderate,Moderate,None,275572.52818319993,67684.48060639999,207888.04757679996,0.0,30,120,60.0
491,Slight,Slight,None,58015.269091199996,14503.817272799997,43511.4518184,0.0,5,10,0.0
492,None,Slight,None,43511.4518184,0.0,43511.4518184,0.0,0,0,0.0
493,Complete,Complete,Complete,7251908.636399999,667175.5945487999,2054707.4469799995,4530025.5948712,240,960,960.0
494,Moderate,Slight,Slight,198218.83606159996,67684.48060639999,43511.4518184,87022.90363679998,30,120,60.0
495,None,None,None,0.0,0.0,0.0,0.0,0,0,0.0
496,Extensive,Moderate,Slight,628498.7484879999,333587.79727439996,207888.04757679996,87022.90363679998,120,480,480.0
497,Complete,Complete,Complete,7251908.636399999,667175.5945487999,2054707.4469799995,4530025.5948712,240,960,960.0
498,Slight,None,None,14503.817272799997,14503.817272799997,0.0,0.0,5,10,0.0
499,Extensive,Moderate,None,541475.8448511999,333587.79727439996,207888.04757679996,0.0,120,480,480.0
